-1.477496 3.968088
95.385171 -219.997847
279.467836 156.336221
198.890500 -188.749707
-156.846838 -251.675633
26.955823 -112.961556
-90.621518 -4.827476
241.081140 261.446608
-89.276203 -134.399306
-98.853548 -77.985217
146.069105 -94.691125
160.151758 256.862970
-57.145592 164.697068
-144.482942 -67.728831
-290.680295 23.965273
-232.657648 207.859380
1.904997 -71.846510
37.227640 -11.872398
-224.789718 301.521718
-151.227077 -74.884163
99.255562 182.489959
-138.421800 74.024083
-131.559164 -190.621789
26.263471 -155.487659
-34.193896 -7.253525
-183.991264 177.220612
-52.448633 41.474751
-116.426004 197.068893
-102.963377 -195.616961
178.879249 271.677187
119.281874 252.851339
-70.915503 -172.214507
-128.072881 272.939650
-134.490261 -287.626190
24.052358 20.887974
-71.525024 -170.117860
253.017592 -144.723691
194.920206 186.650481
-44.317181 286.364656
-277.814569 -13.341166
-271.211959 203.373015
213.590650 -17.152801
-64.086743 162.321386
229.655863 -101.924424
257.818468 114.989769
-139.138929 83.543964
-182.396328 -144.941837
-38.873728 -245.387635
-180.851129 133.086570
-241.828532 -91.739223
203.814064 -248.305012
29.356658 163.209201
-101.800749 289.303418
-200.278157 -81.102363
25.544433 186.931860
-44.512979 60.686085
81.569608 -124.599686
93.472194 82.454545
87.674778 -211.931221
30.497361 51.803017
-46.960058 197.677257
-173.317478 76.931500
-255.914900 -147.254254
-118.432323 228.159996
277.230253 -295.365752
186.472827 187.268503
106.435399 280.722761
-199.462029 69.497022
261.460540 -93.528714
279.883109 -6.794447
-215.134325 300.199823
104.028241 172.614095
225.750805 -96.331629
-294.786633 19.582650
-16.724072 41.856932
-237.081512 1.111216
289.741046 254.385504
128.263603 98.579795
-201.293842 -284.065912
-223.031288 140.668385
70.851264 269.542684
19.553815 -116.663013
241.896365 -115.208708
244.518913 209.385601
82.941459 -10.940088
252.924004 -67.525774
-19.053452 62.968544
155.449090 -87.317136
17.011631 166.657187
224.014170 64.911513
-99.723292 51.545843
-242.220755 254.620175
-2.278220 -49.345490
45.004313 -138.991152
-41.593154 127.903189
293.529376 93.817533
-152.088095 -222.388120
269.034433 -204.313770
-287.063040 -21.939417
55.619485 101.754938
259.022008 14.389297
-273.855470 -54.196341
127.927051 -53.921976
150.429570 209.412391
-195.307913 -161.093238
-33.705397 -230.578864
182.437118 -211.484488
-283.980368 244.589892
31.182143 -174.555726
156.284654 53.998660
4.047163 -85.806952
-160.130330 157.707440
-16.127824 173.281834
245.494681 2.536231
-156.582816 -234.549368
155.059686 -191.874965
-169.397814 -54.460559
-195.295315 264.233850
183.767183 19.448262
-75.570321 52.762678
150.532173 -44.982904
114.374666 -202.748483
35.757158 -105.314059
-265.960352 131.200368
12.362137 -45.425202
-122.555376 -278.010770
161.027110 -218.456334
171.989594 209.138105
247.112077 -118.327453
-96.045441 -203.933008
-60.562961 123.201439
255.179517 75.575890
119.721995 -234.609656
-209.215530 9.004800
77.206945 20.739260
112.789417 -66.766278
26.791889 -67.351812
-218.465641 -231.997344
119.756827 -178.962872
-49.700706 196.211602
-173.278240 133.186079
-30.675776 293.180560
-34.153313 -153.284957
194.789148 -81.650471
-220.468392 162.804018
-234.425934 -217.001489
-21.483477 -273.886994
151.118979 162.267504
-215.938567 5.922005
-136.176115 166.616509
77.886336 40.591016
151.088786 -190.014474
265.851234 237.940039
229.293681 -150.465445
110.276126 -115.130927
97.058570 242.283595
69.361013 -228.361880
228.123454 -259.547352
269.705893 -113.192822
-48.491669 -245.538288
-257.689232 -219.043751
-169.806797 -215.309212
-200.184363 45.165331
239.718069 247.739876
-256.159500 167.374425
-134.237070 -114.451024
-99.234642 -277.976469
-11.632216 230.418088
11.430209 -77.207352
-227.207367 185.487212
-140.844945 174.981778
120.617476 233.636347
-1.860105 -187.509081
266.982313 -27.074506
-7.795270 282.220073
20.307145 -201.765346
-243.910442 -85.790762
-124.128030 219.623825
252.334381 -179.361585
160.316790 59.873008
39.639198 -268.912397
-2.938396 245.422202
104.784009 290.436804
168.866412 -178.788591
264.908814 5.286017
-300.268785 -170.979373
231.973614 -116.024759
114.376011 -64.950142
-10.441592 -155.075523
201.080802 45.339100
-179.756804 -73.706275
136.705588 239.908354
-107.712022 76.122985
152.670367 208.157620
-51.427246 -223.507743
-38.804860 293.106897
-199.202475 263.141541
231.719908 210.436187
5.422290 -135.949164
83.524670 -266.194512
162.587049 -153.259856
214.749426 -142.005198
23.991802 33.929463
86.334177 76.984127
172.156550 -7.821206
-184.381079 55.833464
-29.558709 15.728137
-10.936340 167.482813
143.846027 205.137492
69.008393 -202.847827
275.010758 93.566858
142.293121 139.161546
-191.264518 -162.663763
-198.342158 118.870930
-5.159799 189.865627
-95.237442 220.740327
-269.955087 182.815029
-227.792732 -182.670265
-89.790380 163.184443
187.811972 145.659155
207.534322 66.693869
253.656670 -117.431413
134.599017 -294.056693
102.261363 -16.961970
204.643707 -124.167243
-167.593951 -57.132514
262.988391 279.262218
-224.389270 134.936953
-189.806931 240.471691
-293.944594 -131.793567
123.977741 -84.658823
-217.399925 -82.824076
-208.197592 217.970674
28.204739 -234.834573
-166.532932 279.140183
-36.830604 -254.545058
39.551723 -78.730297
280.434049 -121.415532
-79.043628 87.119236
-85.981305 188.694007
256.721016 50.848780
183.983335 -17.256443
23.885653 22.638337
170.127970 -102.866881
-43.069715 180.567905
59.172599 143.922693
-210.265089 -95.222515
113.597222 244.572279
-183.400469 204.787077
62.261839 -45.578123
177.824146 -270.263319
-247.573549 280.331487
-296.431245 -262.853704
211.491057 287.481108
118.213357 -170.204076
-71.244343 -162.169258
-66.742045 -183.014437
-126.779749 261.420387
-107.717454 -252.424786
211.204839 -87.909956
222.187131 -25.415123
-249.970578 74.779713
173.431711 167.834552
-227.966001 52.869394
-174.663715 138.484239
60.018570 -292.680914
-79.039147 116.633937
281.763135 -71.311209
147.905416 197.383648
268.967695 -271.101493
79.969972 -98.166630
-139.107752 -282.651765
-228.345477 38.223104
31.596796 -31.962024
-161.340932 -53.127150
-67.018661 -235.092273
-25.676393 -12.917392
-107.434125 210.457491
207.808141 -31.327622
-42.409595 -262.832733
-198.587331 -278.377841
97.434930 26.417054
-108.802810 83.191952
8.059449 101.766854
-266.458293 -260.358242
125.003962 117.496665
-64.153783 48.511575
-112.151530 -229.893512
-218.889279 223.401404
-208.827028 282.376323
223.315220 28.091245
-258.322533 -98.433830
68.239713 -61.838903
165.101958 -20.063972
201.284200 185.230962
-229.773558 65.245899
201.348682 171.540838
144.790920 155.055781
-50.766843 215.350726
-48.684607 -254.734325
249.537627 -219.859373
-84.060140 247.855581
123.222091 107.630539
-287.495679 -33.214501
-215.773450 166.140462
-56.271223 69.995429
-111.188998 -252.169602
24.813226 260.825370
-260.744551 -106.339654
294.037670 2.955324
-226.460110 -232.009695
-237.157892 37.265289
234.224325 -29.999724
-113.013460 -112.844734
-119.971246 -99.329741
285.790967 191.905255
-265.826822 -94.599746
134.475387 -80.284744
66.417595 -90.709739
181.259802 154.325269
-229.817993 187.280280
-80.915789 -37.364707
-11.453586 247.530310
276.908614 31.445330
-164.009186 274.560352
-270.786988 271.795378
-262.624791 154.310407
3.897404 275.185438
-180.840403 -46.879527
215.861790 -238.604490
148.683980 205.190551
248.226170 186.405594
-194.491642 86.220640
-198.949456 175.455690
290.472729 44.470742
-216.645087 -235.854203
-73.282905 5.940856
-219.580724 218.755917
-292.918545 -239.209019
-296.176367 205.226048
89.005809 -263.498882
172.027984 129.856191
185.850157 238.031267
100.072329 67.086346
-113.805500 19.361428
123.576669 -261.723487
278.278837 -166.168399
-21.578997 145.826692
215.163168 82.861785
16.405331 -32.363118
-177.532507 -138.228018
-214.410347 -188.812916
162.891812 228.022190
83.753970 -68.042701
42.636126 90.932410
-167.641719 -165.032475
-118.719566 66.362642
260.042586 129.097763
-0.395264 -177.967114
-108.593115 189.088013
-104.710968 76.903142
-18.728822 -123.161726
206.013323 262.953410
-282.064534 -116.931452
-200.242393 -203.776311
-95.340253 284.118833
-46.658114 -6.526020
149.284024 178.089130
275.486159 -63.775717
-194.611706 21.319439
81.170427 299.614598
151.672558 265.649760
-180.005312 114.864925
-151.223183 122.760093
-9.041056 43.335264
-234.098930 189.410438
-184.316806 -191.054385
-238.314683 -275.199206
126.007438 141.395977
262.009558 228.871163
-8.228323 -130.233649
-32.886206 248.201543
158.755909 -180.543263
121.798024 137.311935
-190.119864 -11.112865
212.822247 194.102339
-257.315643 67.517545
-86.053534 -134.287245
236.608573 65.747967
42.710678 -69.436818
163.352782 -129.741599
-184.425115 40.673622
-25.163014 238.908846
61.119085 -196.175927
-165.398816 -215.260697
87.003281 129.334536
-49.814624 -242.930228
73.207470 170.525011
-127.770438 256.580253
-237.828347 -256.324502
-300.186257 277.910746
-7.824169 104.085997
41.157918 -32.338749
265.560003 -19.363492
87.842087 -230.208233
-34.355831 -45.952970
-64.153750 84.082296
290.528329 -27.802436
-222.549593 -186.887164
-169.507516 273.548111
-106.305441 220.323388
98.716633 146.698669
31.898705 233.373952
-228.259224 -34.410761
-55.537155 -163.295472
5.164913 -52.940180
-189.473021 300.115116
-252.950956 -86.909586
-277.648892 74.025715
-51.666830 112.941019
139.775230 216.716326
-237.062710 136.991637
-244.600653 114.826950
163.821404 194.222266
223.943458 297.017585
163.765512 178.992907
-27.992436 -34.851768
-219.650386 -293.436440
-105.448337 -145.241109
-273.146289 -99.685776
-253.804243 34.689561
143.477802 -140.635099
-210.480155 -48.199756
-172.798113 -185.504411
-278.076073 78.150938
223.565966 -77.053710
-9.011996 47.741644
114.750040 -192.362998
217.372075 -18.867638
298.034108 143.887726
-25.663861 -76.996908
-222.301830 7.538462
184.360199 219.253834
10.322226 140.109209
-229.755748 39.724588
-263.353724 -181.040031
129.308299 -58.724647
-266.769679 -20.029260
189.372341 -137.073870
-150.585640 -27.578476
-3.963623 134.096920
-49.661607 289.492319
236.820407 126.187721
152.102420 156.623126
-196.355568 -88.781466
-3.153558 -160.946055
130.588450 -164.390642
142.970457 17.344775
-248.747537 214.360195
212.494467 182.555618
-290.883530 10.191043
56.578471 -100.553528
247.900471 92.181904
-65.497530 -101.742662
10.204467 86.272776
-74.193538 -291.431783
-83.151544 -62.876340
53.210449 -144.020894
-240.207560 -92.385444
-290.905570 224.410008
115.356418 -233.094536
-240.001595 -293.139078
257.720391 -36.103617
-220.577625 -288.768153
-125.195643 294.187315
190.366338 244.842785
0.948318 -292.181742
-159.129704 -290.266266
96.612273 77.629213
263.274248 167.704695
219.176222 -108.719820
172.918195 196.875668
-116.299834 286.971159
-250.497865 -54.313347
249.924103 119.462150
-133.213930 -173.922350
-58.291965 287.613152
-170.330001 -98.431342
-51.788039 -88.755833
268.213922 -116.180322
-97.844119 -80.664807
184.057839 -36.109289
-76.060204 -272.953769
-270.958249 81.301755
-139.896296 294.417281
-54.214343 140.012811
241.167607 179.448343
33.709557 -173.076122
163.231504 -156.080583
-171.886549 115.194958
260.235396 -3.049498
238.157339 262.626050
-259.940719 -230.158400
-138.918778 -9.702847
-263.376839 189.952709
-70.334901 -59.211732
-193.812965 -184.276170
-39.751030 -209.240605
198.370903 -250.085037
169.032835 -239.569466
99.954766 175.426108
-43.943305 43.061685
-189.521378 291.717265
-74.379452 275.672847
-167.357527 -185.691567
-153.495604 153.444022
-133.073682 145.219614
113.108238 -91.104792
-29.249843 34.730806
-45.087925 9.266406
-78.266009 186.462010
5.795905 -211.562384
299.277818 267.913226
-123.680270 199.488838
-285.058360 105.844454
15.683549 116.740072
-262.974544 273.595693
215.587362 -150.648682
21.089267 201.666945
180.831170 155.542575
71.813071 -270.881792
6.174971 240.533844
171.556870 -178.950516
-153.361233 -155.934874
153.000663 103.320771
-90.777443 135.136419
-254.355550 216.772070
-20.533658 -253.332276
181.928232 157.523380
2.070120 -42.760960
-280.727993 78.134703
129.913893 -241.969631
-192.344223 -194.173962
263.357660 130.441709
63.479541 145.857384
-16.678579 -163.046938
172.323299 49.808742
-225.174824 -195.835574
168.227052 281.780112
-295.731074 -218.504198
82.470799 -84.868506
-27.327330 -111.592810
-170.705461 253.762888
291.156408 71.478589
-132.641725 -5.185706
84.820140 246.890001
129.042004 -83.694289
61.023866 238.281424
-221.734272 25.937140
-175.152413 143.312860
-130.730555 109.728582
277.771302 101.804307
215.693157 -245.879965
-37.864989 85.435766
-266.563137 -273.428500
-76.881286 -123.932764
297.920564 -44.057024
62.042412 187.358719
-92.735741 -186.685535
-43.573896 -165.249786
105.747947 -257.294035
-220.750210 294.901720
-284.728370 141.737478
230.813470 -205.006762
-134.684692 115.749002
235.957144 -205.335231
281.778979 -26.219462
-47.219187 198.876310
25.602645 -25.007914
-18.015524 -180.912136
-0.733695 -34.856354
-248.491867 -1.420570
218.809959 -126.404783
-116.348216 186.091007
-15.346393 -99.913199
-281.404571 150.402597
299.217250 -200.801604
143.079069 74.494198
-2.639113 -166.149997
167.282703 -77.354189
247.404518 -136.798378
15.146331 230.477436
-106.551857 27.873253
127.169953 220.349073
-299.308238 169.084896
95.933570 -240.099278
190.735376 -92.623450
56.357181 110.792382
78.858984 -0.091783
-5.239214 123.404055
-43.437414 -226.760105
-28.275615 -43.004261
-129.633818 174.671585
88.067978 -72.392565
-293.550227 -284.796713
148.211566 13.699143
235.033357 223.195001
-299.224852 -170.349137
-50.943064 129.126727
106.658724 -290.437406
-245.159491 -96.261536
-232.517706 246.734338
-132.215923 -116.369786
-185.814142 247.786093
-59.752362 -131.278025
69.249417 197.937860
-59.948806 100.733748
211.652970 -129.830361
-26.525256 0.825533
95.876517 -260.338570
-227.221712 -54.822670
51.480058 -291.126767
225.141827 53.329139
-163.336406 -124.754952
239.245359 244.380959
241.647124 295.136874
204.948886 -289.847208
-1.329352 -226.251288
250.652407 113.884636
78.394166 -108.099437
39.455923 -151.363508
146.697678 280.512425
6.239432 59.328360
207.581185 280.704299
117.042936 4.420240
-281.395314 190.796184
6.506434 -170.307868
-43.411819 -67.391918
181.309926 94.224035
-135.208330 121.479991
36.893412 -192.644049
-126.444847 -298.608087
174.516893 173.147878
-226.501369 126.063846
-255.999632 152.799817
74.962103 84.355791
58.443837 -77.468232
-178.114431 -234.452252
38.887300 -269.676269
103.289029 215.459716
33.150757 -118.604295
-136.707516 99.171697
-231.845791 120.747692
-269.804067 250.303689
-86.602345 254.479690
-171.140624 9.755694
-239.698905 -238.128300
9.642813 -5.732290
-7.855471 -157.416278
-181.193756 36.939738
52.527958 194.555756
178.449670 -188.268222
174.251381 -298.912198
234.473090 -86.116170
88.614797 -202.860140
-172.123496 181.175893
-264.261791 -8.068071
-21.100088 -195.372031
-188.758386 -231.535989
112.163315 -215.999944
-278.474986 0.376104
-148.993289 141.192155
60.868407 -80.011791
-165.929898 -246.315734
61.211795 -287.799674
-152.086513 -185.603611
205.415178 85.672455
283.456867 -161.051477
-155.901446 -22.795405
51.540240 233.360670
73.041925 -61.303252
113.223608 -131.947172
-12.014710 151.388912
-28.593030 -141.515001
218.588649 142.821088
-58.769674 -0.622819
-158.067998 -148.506724
-160.686323 203.389375
70.255350 -26.014524
14.497021 190.701581
-256.381309 -78.382312
-296.119640 249.613798
-293.897973 46.549912
146.023693 -149.253972
-277.434643 256.742147
141.587020 -145.201731
-105.711318 -286.025606
21.710342 182.790522
164.232000 293.646654
-259.846342 -158.037212
-106.024687 -259.481075
140.236967 36.415064
-109.081380 38.671207
297.360272 261.667353
70.221922 -229.036498
151.283570 114.319654
-8.474783 -85.744191
-178.493137 -243.288034
18.408507 267.968127
265.090149 41.424291
223.691791 107.100457
-46.146570 177.036627
120.075069 275.972800
58.816706 -256.671025
27.258341 -141.994846
-115.680025 221.641335
256.241608 83.577520
-42.916761 -152.486293
-178.695132 -286.570103
166.886496 191.886091
-216.531877 -222.857713
-236.090251 75.358486
-250.848628 -114.245312
-110.187005 67.890893
-147.165384 -144.772898
167.076235 135.483313
261.457853 -178.780473
11.639470 -159.544256
-203.658915 129.391964
-117.057301 -117.471813
286.584311 -173.795588
-196.674078 1.720641
208.967532 -180.683127
-92.930861 89.173108
-168.029254 -225.790654
-261.087649 -84.314414
209.233955 -196.938170
48.915557 17.258077
-11.922842 238.974326
-215.601243 -100.229421
152.100355 10.326835
93.161951 -127.616907
130.843546 -195.020645
12.125139 -13.984381
233.666732 -46.108114
167.848322 -20.951843
79.409911 271.364430
280.091499 -252.819294
148.653085 245.976986
135.694670 280.773268
78.176253 174.749553
254.477835 -12.474159
35.839416 -237.857868
-295.839005 -275.981574
59.142572 147.334723
281.844149 -88.668977
-142.954277 75.087326
83.127297 46.623632
-61.871132 -204.680059
-267.949561 -128.143747
-192.687992 199.992568
-90.986425 186.788886
-70.564859 247.805206
233.436706 136.781530
193.238269 -172.182143
117.039830 -28.565814
-297.958609 -169.829481
17.122949 -203.453146
-108.175493 21.303193
-179.913937 250.999534
226.807617 160.575879
-138.150830 -216.167774
293.850722 3.628577
130.032272 -68.055070
98.513820 -79.298714
-137.964632 205.797646
178.916913 71.014008
-149.181542 166.950373
-222.959999 142.846741
3.341542 270.243112
270.283082 178.959486
-58.715379 30.915863
-291.253842 16.972243
127.107693 -99.511374
-262.090772 5.765012
209.790760 23.261401
-134.007708 -228.462207
106.793821 218.394188
74.855350 295.350586
-149.983123 231.886987
274.398402 -229.436610
-103.960074 153.179797
-100.058551 -194.643793
-221.517030 -23.147381
247.944490 81.669035
-53.173992 218.065453
-39.632475 -53.418125
-292.630960 -31.061701
263.350554 134.294727
-72.127933 59.711157
-160.166422 -162.552409
-217.224912 -235.715973
267.456596 -51.999534
41.138102 -199.283092
-298.200392 190.933354
91.101112 34.609802
20.002614 286.906253
246.284115 219.702707
150.765614 -275.480836
-103.592888 98.435624
106.068609 -98.387913
-224.989896 -233.831447
-93.248402 -217.894978
-206.346910 228.461494
-25.025419 21.237969
-253.283930 -126.845553
-82.722442 -170.809073
296.039045 -115.592589
-164.219470 36.843898
-14.897987 195.920388
286.403495 -224.143120
289.164976 6.053376
121.386455 235.089874
-74.272067 -269.573624
259.609409 121.802880
128.870884 65.319388
82.072358 -37.824102
-109.846170 288.452412
-197.044700 -257.931072
-24.423231 -163.814553
-177.981763 21.921969
9.419703 38.898495
-90.178832 -236.324977
223.382631 -196.148446
100.624093 266.708088
299.865554 86.584625
101.307013 288.581165
151.388470 280.897708
223.789926 -223.345746
-288.568619 -58.429197
-42.767166 -101.492645
-292.985714 97.503910
-80.524264 255.360468
86.097185 21.957029
297.618633 -238.806408
158.340079 -180.869841
-158.058477 225.906729
158.222966 51.263302
289.784408 -160.280123
155.325848 -151.483544
165.307287 -86.686963
-6.031276 -33.930378
-97.889840 -155.193791
-294.148406 184.002800
280.393027 -283.260607
-174.165541 295.715989
274.175889 190.952589
93.477318 -106.930809
146.598745 -120.994204
215.340170 -97.737595
299.161595 -168.280984
21.703018 -159.504370
116.584439 237.972247
-49.274141 -135.611133
136.667277 -194.554510
13.268694 1.342116
19.110110 -293.401255
26.431524 -20.764623
210.452937 -209.707988
222.274348 -51.171350
-192.584242 106.105291
-55.082834 139.601934
-2.561427 -262.261419
-266.940021 202.015231
275.821383 6.371883
163.342785 32.928539
138.524186 -115.654802
-67.494414 -286.958141
181.406984 182.538524
-122.091619 17.375191
288.449777 190.471862
77.831171 -234.531465
-43.807437 162.185212
45.213954 224.561891
252.975344 -33.261427
-126.123268 118.315258
-226.661882 118.071947
-41.580496 -171.331362
-85.019113 -9.274668
89.882270 -109.977971
297.663651 -47.561271
-17.854970 -105.964568
-103.993592 213.872138
-92.332215 135.268847
96.969160 84.785559
-146.789467 -156.737726
-265.528094 -11.101008
-90.666724 -10.144287
-148.325354 12.372437
-84.963986 162.489163
279.737380 -153.274107
-18.581255 110.882626
265.440109 -2.360638
-1.138529 238.216100
47.662831 146.532842
-171.115810 -196.910414
-200.374452 110.166334
-2.173096 -246.596916
-216.651741 -36.740162
189.389613 179.456594
107.390965 100.353353
82.072315 140.970116
-210.046336 290.506881
190.195012 299.403649
-237.743642 162.960421
-78.742297 99.717195
69.099046 201.753972
270.020388 33.590752
258.801728 -32.072465
-268.776933 5.504321
173.884405 -140.838890
109.405741 272.557902
28.787076 164.914697
85.428409 -130.188505
187.629740 -26.171704
108.731071 -5.974900
133.652400 -110.198094
194.473727 222.638716
239.815053 -157.704471
-18.483623 -298.947656
64.777700 201.769163
101.639022 -167.154015
-136.979658 70.622809
-74.038339 179.439637
98.082978 -43.843533
-114.175706 -29.086699
-125.114392 52.830137
-296.973079 -38.733023
-81.351767 87.403819
132.009543 -194.799336
120.810851 -60.322488
-141.187842 -46.625636
-110.926536 110.851218
235.614768 -172.211925
254.136071 274.684935
188.477372 -223.558202
-63.941328 -252.341336
-89.720029 -143.384467
-122.078732 135.132405
-262.957437 274.909280
-207.696143 -78.233842
-294.534850 -275.296961
34.266441 66.019923
-12.992269 251.796810
213.109019 -182.146301
116.690306 32.750592
-182.768408 33.007488
45.852876 5.164387
-155.085842 -261.078712
-107.324561 156.518193
73.356719 138.635100
234.057997 -291.787989
187.399274 201.788924
-134.039451 -235.894159
38.041823 260.462760
98.783096 -112.220318
242.004367 -138.303392
-86.374364 -24.946464
228.866904 -41.949533
286.648171 140.747402
-164.290564 -139.275661
233.310700 -48.278721
194.911962 -263.461778
16.713223 97.235168
135.334482 208.132117
-45.064260 -92.590931
-193.403003 246.386024
-83.161748 292.722982
149.379506 -159.840057
116.720758 244.776907
160.522008 272.853874
192.443258 101.210843
-164.215494 163.407816
136.165752 122.004792
-177.293003 121.481771
-277.351760 -42.881248
283.509482 254.635737
-31.229277 -64.287276
51.131962 284.149715
-265.766800 -114.893292
-47.785564 -253.516295
93.835671 57.480704
294.196904 67.957707
51.518136 -99.165288
-31.880633 225.511720
205.620596 -172.751268
-41.638177 96.665746
-11.536950 -148.597237
-38.555726 -176.760217
274.785497 -158.603194
4.746719 54.673832
-141.452060 -254.529139
-230.650841 125.907893
-17.389624 119.064928
111.451592 -225.938034
-294.427193 120.899007
-178.025980 -143.383949
-120.204769 173.373098
-15.343558 -11.489852
134.317650 251.327201
274.138858 38.464256
138.680064 -68.978685
-163.418732 184.338377
83.902471 -144.804559
67.703673 -184.147491
-1.895127 -229.050421
172.026071 155.166653
176.607269 239.883729
-258.771536 216.360809
60.449659 151.177891
291.950852 -176.845023
-26.407957 171.072065
-260.046767 -89.490844
45.974422 23.106251
200.595609 -121.256652
-265.383206 173.180448
-22.582021 171.777551
-194.240839 112.474657
-183.679657 -53.248234
269.261522 182.468878
64.202701 -275.574007
13.663878 -65.336889
-60.134947 -111.319768
-123.853773 -20.482644
165.307400 -6.325517
190.968571 155.671613
118.469741 221.628746
-212.989091 -84.514119
-166.227924 131.383020
240.253241 91.400162
70.454405 273.257306
-33.764432 -253.765546
-94.663271 -170.988396
-80.962111 20.028758
77.479047 245.325915
262.840203 198.683074
30.101359 -25.139764
-164.957487 268.317402
-76.096335 -231.805430
-50.455184 -212.448259
63.605965 197.508916
3.607113 239.046093
120.868260 88.943273
-143.730595 252.960456
280.730549 153.477642
46.131691 -191.885168
128.512832 69.312024
214.813971 90.789219
-41.224891 -167.873583
-187.383754 93.183618
137.897381 132.380821
-6.341486 -133.721972
-190.960354 -114.364762
-163.599223 31.232451
-44.338094 -157.130333
-120.736966 76.166886
100.864161 -60.235893
17.045285 -80.038668
-269.453591 -69.781441
233.427531 68.155790
-214.451349 -263.586976
178.169771 -29.069740
107.630888 -150.172500
-236.387996 123.264742
-257.506881 233.101987
-81.665767 178.619236
67.375344 -31.163513
-253.203545 174.633741
156.397564 240.050999
266.438671 168.888259
143.499778 202.525522
-53.019118 -298.837212
-155.778015 20.860057
-76.916913 231.597329
253.044187 -145.325395
1.705286 95.391883
-106.933616 236.669163
-231.692520 57.486447
-211.531426 -169.936266
241.389667 -170.878976
-234.849241 216.498317
68.391849 -110.704387
-112.647062 -128.047088
124.594025 100.510213
172.675111 89.127518
-269.923804 -227.075174
-247.682722 -266.197864
-223.861640 -105.360550
56.719440 -2.663234
-171.719481 -233.525914
-87.278404 -113.268592
163.962672 -137.491266
-174.536254 230.346062
222.104819 270.683393
121.145890 -79.819272
160.546960 -57.001935
-161.211971 -73.024595
134.409096 -217.167252
101.050161 -42.949905
185.471225 -28.252556
106.952288 -27.775204
46.813349 157.322151
8.194409 120.999509
-245.904532 121.576870
179.136524 239.074234
-51.122420 -210.148399
-172.041366 -189.171029
-45.460313 -48.573657
102.000738 233.283719
-75.718213 279.781098
-144.337164 141.458480
-75.036118 -248.924136
-229.375072 -242.666748
-163.874028 169.650643
-224.752986 78.208036
202.288055 180.185433
-247.330905 -294.317168
39.730133 -182.539765
-112.428830 -149.582360
241.292205 -235.364951
-208.266761 -111.907540
-143.245729 -82.370126
-240.164698 -132.112708
-70.003669 159.764712
162.097359 -89.157865
-99.541614 -284.340439
-245.400589 123.336991
-230.959565 -176.865577
183.001457 -96.928142
53.762478 14.789296
42.263497 -46.073263
-102.715485 92.824181
-279.414469 234.901628
212.626546 -93.940922
-212.332440 -89.583470
-26.951428 -122.726014
100.889583 -113.668555
-144.069408 158.588907
-184.768401 83.786372
-220.627394 275.183839
297.013611 -22.318690
51.894614 -250.561217
162.075616 -122.583740
-125.003383 -198.466260
-158.442384 -14.768778
118.738613 181.648708
0.219609 -286.153804
-23.119396 18.623687
251.181597 245.961182
-14.237411 95.298679
-141.196420 15.276179
33.684569 257.493683
204.065556 187.411189
-122.813458 75.728698
-26.352473 -287.013790
53.368510 -272.936275
-248.210508 161.681243
-220.989528 211.638764
-258.408549 -289.583712
-284.347572 -119.086185
-1.846596 132.171345
-234.945621 54.768878
148.535352 39.686414
-224.103677 -143.916047
-253.202707 59.421494
12.578262 -96.660961
-222.780771 -256.023413
-136.619805 37.654137
-7.418840 -203.068309
174.582122 263.949248
-187.516916 284.306807
293.584044 -138.015630
148.565003 128.941935
134.865960 187.859504
-99.413085 148.217075
-228.652130 196.434649
-258.391178 192.752227
-46.210226 -53.530193
293.690724 -213.972610
-136.168328 -261.855023
-93.287381 174.082566
-55.886435 -259.759842
-20.665491 -136.202247
-160.824548 269.575351
-36.623607 -288.607048
236.157333 -167.849444
56.998271 -13.991837
-244.540792 -96.814227
176.280143 -53.396614
-206.298923 -225.518998
-202.517990 221.338621
32.262941 195.396242
-124.596130 42.313867
-155.455201 -133.308505
131.045725 5.989126
-92.453349 94.006759
241.427575 -92.075604
136.968497 -81.657965
74.449418 32.379678
-109.369662 94.077323
-194.848744 183.014972
-12.387828 159.752623
230.433087 40.650278
-234.325999 104.267935
48.654914 215.625595
181.515824 143.723259
-101.643266 269.980925
-199.482358 71.338594
15.078548 -57.383734
240.819453 202.313941
10.060357 204.571620
-0.878741 -50.990699
-184.717840 192.266985
170.183059 187.264672
286.123957 -241.677638
-257.215147 -211.219946
244.185748 27.937750
251.366642 172.115449
130.067534 73.213151
-262.151576 -123.769144
-249.690686 -24.491436
81.450201 -53.833726
-51.648912 179.463988
79.011972 260.921705
-175.067144 17.319424
-75.266262 -108.882853
-75.245382 -20.025128
143.035497 -203.847399
-124.863625 10.670332
44.957251 217.368067
-169.461874 85.225804
-290.961001 130.823544
-183.940129 16.521288
-235.519259 2.219034
151.301610 -200.223217
181.382478 199.054535
78.243344 -281.107710
206.804208 -275.989952
201.305071 -16.752190
46.525933 82.325574
-296.493207 268.683341
276.407652 284.341111
-289.731491 -124.521116
142.109365 241.476659
189.130220 -115.545562
161.811073 75.732220
272.671924 168.250005
-90.467226 144.767793
246.413623 -28.574417
-150.005530 95.083377
-167.144684 87.401174
-244.223840 208.478973
109.337003 259.976776
-5.842155 -233.365419
-53.761315 96.692390
-89.360477 -294.249799
-172.939640 243.068016
51.781196 -165.314167
-178.417970 -108.776346
-220.797137 66.721477
-162.616306 238.359303
-154.495476 -192.602868
-131.694648 -188.985035
255.246179 170.712800
-155.832995 161.210638
-272.492171 -25.631521
-289.651348 -219.373677
244.589473 -124.355830
-256.309707 -63.937980
-54.608889 -254.120127
94.511928 -88.002271
113.412743 218.875588
-141.826443 -137.526550
115.334370 -22.948685
-184.524819 191.829182
105.555990 -49.852947
-108.043202 248.344927
60.697605 57.562803
121.178410 -228.139317
-68.580786 262.618566
-5.119983 -285.163549
298.800818 2.494340
-201.358383 240.652231
-60.037585 198.250126
238.543212 182.628023
247.324007 30.285923
156.464801 57.963827
-288.994407 -288.138267
-17.713616 123.579642
-249.232827 94.997555
18.627961 153.575470
107.028747 207.813388
-136.230468 223.591309
-272.769684 282.169233
57.331098 -285.492840
6.671879 -250.574910
-267.387342 2.663023
-186.186564 187.120959
-294.805788 50.998898
88.634987 240.936840
295.535761 -208.225215
-266.863467 149.172732
-88.322697 -258.669317
-77.041928 191.148637
168.198840 -29.093406
-251.920394 242.644553
-172.239629 152.282516
-87.598866 -11.279519
-162.198104 -63.201550
-267.177343 192.316421
-286.716584 36.654396
3.704173 101.712373
101.304929 114.670354
-7.854316 103.648337
227.646437 -222.093677
-193.432811 220.304313
231.707939 -163.157695
-168.551312 -159.499700
-118.470565 51.538298
-265.009819 105.496299
-274.189074 138.854304
51.511669 209.352311
-246.867589 19.670321
260.093151 -111.931666
18.493890 290.046350
-216.245373 28.884369
-211.284637 84.562390
-166.023903 -54.239585
261.276830 -118.121557
-247.182438 186.016474
-278.161708 -143.525492
-131.640980 250.632544
-244.620252 -244.449416
153.200473 -66.011373
110.521198 -56.073328
-257.098080 -107.955279
-213.797358 -149.877228
163.503362 -163.579173
-68.115920 120.638884
-213.415203 247.456945
-127.234487 -132.604992
-20.213773 -41.446926
14.066940 -130.528856
-33.572349 -27.630784
-186.531639 16.287291
220.509069 -167.654631
-65.110224 -214.096550
145.130482 -12.698465
203.611186 -4.660378
-16.568112 11.137712
242.772589 -217.984195
-34.646711 84.653901
294.313987 -174.148000
224.594684 -76.789898
250.015380 66.828206
-125.823927 178.446314
237.756766 -90.395575
199.177457 -292.557461
-158.741853 -137.419344
-258.001165 -48.281225
-58.920479 259.516898
-153.719793 172.955023
107.620890 288.393152
222.481573 8.191284
-254.077746 261.529418
81.542933 285.687556
-252.896389 102.505696
73.904288 97.043839
231.944963 -245.918014
-276.174364 -62.439865
124.506309 253.618287
-180.413021 -182.163557
-133.192351 -284.305399
187.548317 5.032762
240.548983 226.490926
19.009648 -121.450907
-51.749688 -79.132737
113.790974 111.445436
-87.128366 -208.176388
-176.747706 -285.618209
-243.027049 -39.620027
-296.306392 159.678158
-233.485738 -166.843654
-39.645084 54.034537
249.555568 -260.267270
295.256218 -170.409073
297.016867 170.389127
-48.902485 -139.292670
-51.601839 -164.474465
-71.941194 -114.176256
124.339449 2.621955
-173.279909 -230.519830
227.180732 237.398387
184.621371 195.596608
91.562008 63.414831
213.682644 145.413058
-272.516721 -27.108713
-232.576088 149.529519
-131.595456 24.647755
-92.734826 -185.194007
-173.254197 258.024234
-293.233570 -179.397522
-109.232944 -45.279275
-256.292319 -105.341025
-147.371696 -272.742772
84.248925 273.815484
-207.730455 -33.546257
105.690164 -283.707995
266.250781 -12.849730
-25.708603 54.628538
112.972011 -115.213191
-96.207376 -104.074917
-79.906764 -273.296641
-250.786154 -156.038361
55.134454 -288.040078
-37.444938 -62.641792
32.415667 -33.863504
61.756272 220.014788
-16.703126 -139.086918
177.117476 -108.628620
-108.001924 -41.850320
227.638674 -260.292016
-12.940729 30.126290
-240.180133 -49.915401
79.740461 30.902912
-291.478947 -110.518773
-21.838355 267.779545
89.242234 -46.322134
298.322823 -106.123809
101.483410 -191.145482
268.343995 119.452848
50.064579 -2.468819
148.085162 167.249517
280.045743 -171.872144
-267.993678 153.906198
-217.993099 279.424543
174.587477 -293.597109
-276.991947 217.041242
40.408627 138.239595
-128.990801 175.537952
231.689770 -123.723688
-231.109660 265.234675
206.590908 -86.486960
-77.188526 201.631409
-130.067961 -278.990219
-285.607397 -164.991845
-96.966834 61.186533
-104.906274 -252.175087
-67.665714 230.503297
238.554844 -280.278317
-153.044600 -282.739928
61.715955 76.898465
-272.403491 81.436860
-2.122939 -176.644742
-76.382388 -75.766340
61.478161 210.652064
-136.901291 127.070471
179.819255 -233.611119
103.179800 -200.692706
271.980344 28.465710
182.960886 283.064129
-73.918573 -217.337449
-193.138034 -123.499024
193.122503 -205.480596
-189.036960 128.337835
-181.776426 -286.763731
-91.755892 176.634705
-147.215360 291.173145
-279.314830 -94.028412
177.185699 -300.389966
134.206227 -64.691518
214.266753 293.966934
125.047278 -150.614612
-235.652199 -75.136154
-47.291677 -267.017693
257.348843 190.960770
78.709362 238.719236
36.289880 182.217706
-180.769604 -73.943822
280.790910 285.494653
117.071423 154.293132
-297.228065 80.591613
-206.407555 210.850097
75.812954 169.588584
-179.146539 -50.392925
173.253967 251.685568
188.974472 -157.215936
249.694975 10.622563
-3.764524 69.321065
-1.784024 4.199570
106.376475 -289.201922
-100.763028 -118.323411
253.617468 -9.224898
126.637962 -230.566381
220.918455 -137.347861
-240.981053 -206.769338
79.679437 117.049187
177.919925 169.887716
31.980412 -49.693752
-197.799102 149.424782
-37.338618 272.043320
-136.158135 206.881860
177.582346 -189.899596
-78.397174 -129.621050
183.543305 -24.962500
178.723781 -254.883948
-10.015743 133.174608
289.604731 -59.846834
-171.934796 -128.568273
-227.634325 104.210291
38.226145 -172.051141
-39.773387 -185.552571
249.147080 -165.313998
47.127545 -263.695422
-152.191991 145.883157
189.888472 -134.338261
-119.271067 -249.739676
-223.310608 -245.161088
223.209851 -246.502497
-70.589693 -138.083903
32.710763 163.314693
269.891216 -280.786707
-240.708331 256.011896
-277.807880 -116.109498
-168.387431 -208.890890
50.933017 -74.992278
-76.746536 -292.333663
-197.706091 227.584954
-153.425647 145.963575
268.094795 -250.457802
-245.324764 -86.859175
-80.584325 -68.080546
-32.383887 -7.361913
-250.363450 245.976722
50.356985 -265.804640
170.777418 138.214002
-39.622150 137.152646
161.678281 16.171293
97.378710 -60.990057
-37.060862 -15.871404
34.359564 -289.632747
-27.980011 12.765912
-277.719587 70.804574
-296.779165 224.003239
279.661255 26.441907
277.801674 -269.179422
243.842092 252.359251
-274.357492 266.597928
-292.117077 130.416608
216.823336 -186.644709
168.883748 84.053977
255.844159 -174.287335
284.124568 -127.388643
146.164975 -163.409948
115.925381 -194.431251
125.005786 205.387450
178.886189 -206.533847
-77.573409 197.624860
-72.773009 280.763569
-115.432610 -96.677718
11.507788 -141.199003
297.108184 -48.220285
174.108578 77.858437
281.328971 178.437161
-87.430637 -46.764112
296.109753 -222.105382
100.250142 7.033352
266.590529 80.812088
183.970915 -132.169173
221.731300 -3.690431
-263.628318 -198.191686
-93.967936 211.687062
-100.387556 -116.474187
113.632823 -118.095433
-131.366800 294.623324
89.593576 -64.797917
216.433950 83.100846
191.334323 -154.420388
223.954694 169.078381
-271.624936 -167.062848
-173.344567 79.535927
273.855800 223.314705
-209.083835 236.833485
-232.883471 271.312269
-190.983108 285.271055
-269.382747 -158.210155
-208.562387 291.708637
116.497972 -253.912567
-120.381671 -73.473769
-67.601316 -196.714968
284.179038 77.023837
42.879391 -44.377356
223.159742 289.241454
105.620092 143.500267
-78.659560 -110.980917
280.840787 -196.982098
31.601132 251.056725
89.401476 118.915550
-49.078182 152.894378
-146.737841 -185.026791
142.562499 238.912042
-38.817163 -10.989121
235.043174 -225.950281
39.543509 169.668562
-236.356157 26.947408
277.384175 102.826257
-191.615494 -224.754892
121.544835 -272.116037
127.565163 282.162821
-65.534510 -254.738319
234.265815 -88.359455
-147.273861 -37.800589
225.786461 -2.881719
144.206782 -126.942847
-145.532899 293.816029
-7.512581 52.014907
-4.172265 8.653788
-254.511950 -72.807327
-154.191636 -159.988440
-198.691324 264.450450
-69.931013 133.669343
-169.610704 34.788240
-27.970396 248.267139
-174.210090 -204.093959
-6.469785 56.604946
-154.349482 -75.896146
31.370820 -246.637235
190.791121 -287.878321
54.971420 31.320596
248.331718 205.759516
-211.747986 295.778438
-279.087692 80.397364
8.912602 121.376293
70.732894 -90.304775
24.533184 -73.005841
-121.366527 250.913097
-234.846240 5.332038
-251.165953 33.490981
-283.265669 229.589928
-107.425386 6.568877
-9.305104 34.527830
235.195176 77.026785
-148.944545 -119.074256
93.675733 202.344705
-24.583992 38.283669
-128.743717 -181.397363
38.576556 -111.538393
-37.803172 102.420580
-285.642902 -270.800444
75.297367 -206.181465
-39.242366 8.877517
-250.742100 -219.163497
77.398164 153.035491
-122.461573 90.434482
87.178688 66.393476
160.198948 132.792472
164.119207 -149.688528
-85.640536 -288.549525
35.799720 62.949481
218.359974 66.128490
-194.219773 144.527502
189.300478 -100.733484
-262.439272 206.405534
64.920977 106.844555
240.201224 -163.536422
205.261469 255.862605
-91.438287 9.421634
-258.738044 282.240667
-132.957803 273.719702
77.242437 250.478741
44.682675 292.337782
87.842912 263.716826
-152.776852 57.115874
279.763382 -62.085076
-175.356386 -47.006023
67.283845 285.353033
-197.895925 -47.167907
247.864303 194.571155
222.484530 9.010220
6.024755 158.909288
-91.255021 266.168359
-121.994798 113.547433
-261.174577 274.186510
-140.974358 260.765590
252.505860 232.504673
215.846077 -247.936242
-11.893708 -241.437153
-279.613494 131.561939
-121.053282 296.381034
132.766929 -0.179869
-287.372862 -103.740768
-10.212654 -189.041664
-87.632447 -66.122558
-289.832242 -168.923448
6.167962 -228.944336
53.268164 -30.225220
100.508364 227.513898
146.628564 135.553020
206.328762 -298.147856
100.968958 -86.328729
-2.330847 -228.349598
-29.610654 281.989535
193.529539 -254.371329
-123.170271 -231.332190
-253.350082 -294.213048
-168.189894 -244.513902
-93.269708 -123.554754
229.790477 115.304397
-126.369340 236.163551
9.690842 176.022708
70.531023 -240.838132
209.111202 -132.778970
291.351380 51.920196
-292.568444 -47.500635
58.471730 -136.761463
-70.508096 -247.682288
298.252075 196.096889
97.632246 187.956070
246.412415 270.655254
19.972582 47.914440
281.152748 147.973630
-133.267087 242.712822
-270.906924 151.352018
62.693238 257.591216
92.193398 127.230418
138.293557 217.549622
191.093714 43.568829
-210.546130 -62.751960
158.854024 151.747253
194.454177 -86.513531
78.334329 -179.894312
-270.845521 72.744911
79.554628 122.964136
-34.585225 -219.216636
98.314921 40.202595
-107.944935 -165.738171
251.535208 -186.398934
-218.324651 35.440306
269.695489 -100.800451
-2.264372 -183.321205
-268.864235 -167.821956
-261.044099 218.397295
-60.863965 -175.423450
-139.643832 -205.864192
39.696299 109.615069
-229.003571 -185.805668
-6.903443 -203.686401
191.676684 -231.187132
-17.343190 211.892141
212.996934 -222.888584
-284.542944 159.850695
274.797178 263.149976
278.197297 -247.390739
3.337416 244.028548
-43.442467 297.227838
124.117648 -16.152868
192.817762 159.226428
-93.022126 186.745727
47.197985 -177.874971
44.278095 -216.955665
236.498203 111.423643
260.658310 -74.257046
-28.861585 148.462268
-242.041481 249.941585
-176.241379 25.740905
90.458722 -164.639772
-109.661178 61.379554
-196.721080 -135.341118
118.779017 102.758214
172.119112 130.117549
-136.620795 -7.643113
-181.260702 -247.683773
214.999389 -219.504429
243.839478 -41.685082
266.079566 -15.765733
-195.220348 -42.666380
159.079737 -238.447024
-53.500179 184.992334
214.819903 0.591695
139.699984 93.351060
89.760063 284.950427
233.500141 276.229798
-190.259783 -267.110829
204.340292 -16.711453
-100.919634 -168.792074
-181.799562 58.607309
-112.999492 291.726694
-125.639423 -201.893918
135.660645 172.985473
-180.139289 97.844867
220.660776 -79.215736
-240.019161 75.863664
-12.859099 2.603067
-34.359038 256.722473
66.661021 160.121882
54.861078 -147.478706
-91.498866 -15.519291
192.221189 14.360126
-219.178758 -148.700453
61.121294 -23.961029
-12.678656 175.438397
98.101393 -70.922173
-69.398559 268.577260
32.001487 -237.643305
146.361531 147.976134
-76.318426 63.135575
-226.438384 -261.584980
202.461656 -184.525533
45.841695 222.853917
-222.998268 167.253371
87.781768 -113.367173
83.261802 292.392286
-65.418165 -28.428252
-229.778133 11.511214
-113.658103 127.450682
51.021926 -71.589847
-233.658047 -154.790373
162.321978 -6.950896
177.282003 249.068584
-181.117974 19.728067
101.862047 -202.692447
146.342067 -69.812958
-159.437915 -196.473466
-190.857897 182.526028
-268.777882 240.905526
-186.757868 115.105027
-167.637855 192.604531
-129.017844 63.044037
227.662166 295.963547
-220.597826 168.743060
128.242181 -114.837425
-198.017813 -50.677906
35.242191 19.041615
5.862194 -91.398860
-27.057805 120.840667
-8.177806 129.560198
223.022193 192.919731
-235.417811 118.319267
-298.717815 -130.181194
-235.677821 -271.401651
-184.437829 -126.322106
-92.777838 -297.322558
-228.877848 -167.063007
70.582140 53.536547
-166.257873 -95.283896
-72.877888 16.715664
94.762096 -216.144773
29.542078 184.734793
107.762059 -268.525638
156.842038 -223.206066
-84.177984 -155.266491
211.221993 193.573087
-257.498032 30.532668
16.761942 98.552251
-36.138086 77.171838
132.021885 -165.848572
255.721854 93.971020
-158.298178 81.590616
-9.578212 -32.969786
198.641753 -121.110184
-64.738283 -178.170580
-40.878321 84.749028
-89.438360 284.748638
-25.658401 73.068252
-278.918443 185.907868
154.741513 -66.992513
-264.478532 -179.332891
-168.558579 132.766735
156.081373 -97.073637
-63.818676 -183.994006
285.001273 122.945628
-286.318779 -4.574735
280.441167 -148.515095
-218.118889 -33.055452
-117.958945 35.244194
150.720997 113.383843
161.980937 -194.076505
261.680876 127.263150
-204.459187 290.742808
-94.799250 171.382469
181.540684 114.662132
167.920617 -28.218201
240.220549 54.081469
-190.579521 92.361141
261.920408 -199.659183
-28.099664 242.980496
228.180262 -18.319823
-56.719814 204.679862
-103.299891 -220.100451
-123.499969 74.819239
120.039951 81.958933
251.739870 -263.281371
192.779787 -31.881671
-72.460297 43.038031
-36.240383 128.817736
-80.700470 200.017444
-292.980559 141.937155
-123.320649 243.316870
-99.080740 -17.823413
-200.780833 -141.103693
87.419073 67.196030
165.418977 -229.704244
112.418880 -195.244515
38.538781 63.835217
248.218681 -30.245049
202.198580 -177.025311
-243.401523 -91.345570
-135.401628 4.094174
181.678266 88.213921
110.698159 200.153670
280.598050 -273.946577
105.057940 283.693179
-68.442172 277.812937
-9.462285 128.552699
-276.462399 85.832463
292.357485 -134.327769
216.597367 153.832001
299.557248 25.071775
22.137128 34.151551
152.477006 -33.568670
-291.203117 50.731113
-147.043242 120.150898
264.296632 13.630686
-170.863495 142.050477
165.416376 235.910271
47.096245 -99.289931
25.536113 206.889869
247.955980 253.169672
-51.764155 -65.450522
-154.744291 -273.510713
83.955571 -166.330901
-102.904568 -3.391087
292.415291 251.368731
85.235149 -230.751448
-9.584994 -66.231624
-200.765139 -246.071797
289.434715 -51.731968
178.994567 249.787865
266.834418 62.867701
-144.625733 -113.052461
-237.685885 -42.792619
92.573961 -157.432775
227.653806 -204.772927
-199.366350 -128.053077
34.693492 -58.033223
-96.626668 -185.293367
-160.806829 -144.813507
-125.126991 186.326355
-188.547155 256.206220
260.512680 97.946088
-105.127486 -244.194040
-84.567654 239.025834
-232.347824 -209.494289
-47.627995 89.205591
-83.068167 103.825474
281.071659 -24.674640
124.591484 -171.654751
122.831307 48.305141
-71.508871 -21.814964
225.190949 17.904934
-16.269232 183.284835
137.550585 119.004739
-256.629599 -291.515355
-231.109784 -149.095445
28.250029 -274.535532
12.409841 -22.135617
144.849651 223.924302
-78.210540 -32.775776
77.989267 170.244148
-238.670927 291.004076
-262.371122 -261.535994
-28.751319 158.303940
230.388482 -209.856124
270.188282 -145.056185
-168.111919 -49.916242
177.787878 111.703703
-161.732326 -229.956349
294.287468 -122.276397
142.107261 -240.756443
-207.812947 -133.556486
148.286843 100.683474
149.226631 -252.156563
-211.853582 -232.916597
20.006204 162.243372
0.905988 77.423344
158.145771 34.623319
-120.534448 184.123297
256.485332 -194.076722
37.825110 -18.616738
-34.195113 165.823248
236.384663 198.323238
-258.935563 -229.276769
273.284210 -268.576773
-287.996019 111.463225
154.243751 -199.716773
41.463519 -1.396769
-35.476714 -113.236761
-189.976949 48.783249
-282.577185 126.123263
-84.077422 -226.936721
267.102339 128.803299
-128.757902 -157.356679
-223.518143 182.463346
-46.498387 110.403375
-131.238631 -25.956594
-260.238878 -198.776560
-122.739125 -223.056523
235.540626 -153.376483
171.940375 243.643561
21.640123 22.283607
107.499870 117.863656
84.439615 -231.896292
68.179359 190.563763
-119.560899 81.703820
21.578842 -148.896119
-81.681419 -15.216055
43.478319 85.664012
-109.021944 116.064082
-26.962209 140.584155
-68.642476 137.904230
-180.482744 -32.755691
2.676987 -248.475609
-192.263284 -65.695525
261.716444 275.784563
241.516171 -261.895347
-238.404105 -196.255253
160.875619 142.164843
235.415341 -74.855057
37.615061 -188.034955
70.414781 113.965150
-273.385502 284.845259
162.294215 66.205370
75.413929 -250.634516
-112.846357 -255.454399
-46.486645 -126.714279
-54.006935 -172.214155
-95.927226 244.785971
-115.767518 7.926100
242.652188 -157.953768
-252.768108 -61.093633
-114.948404 -195.033495
-193.808703 100.686645
10.670998 -262.293211
-269.269303 103.046936
213.230394 97.267086
-78.109910 235.987239
86.989784 138.947394
7.069478 -141.492447
-48.130831 -50.992285
266.608859 201.507879
127.188548 267.368047
92.828235 -272.631783
217.047921 273.188391
-201.172394 -85.551433
178.787289 200.848747
-83.113030 118.608929
69.346650 19.209115
-75.813671 -223.870697
61.806006 -48.950506
184.085682 -270.190312
111.845356 160.749886
29.325029 -105.049914
-236.775300 91.170289
-182.995630 11.230495
-254.955961 138.390704
276.263706 -72.989084
110.643372 65.211131
-40.736964 -217.548651
-198.077302 -187.128430
-239.577640 276.851794
-281.397980 -26.547979
-141.038322 84.092251
297.541335 -162.067517
-76.239010 -185.887281
-147.499356 -196.027042
207.460297 260.493199
28.239948 -67.086556
218.979598 87.613692
-271.040754 -267.886058
-196.301107 -229.845804
-65.981462 134.754452
2.058182 -259.205288
-95.162175 16.114974
186.777466 2.915239
-107.482895 243.355508
-256.743257 -92.724221
-78.343620 -101.623947
54.876015 273.996331
41.195649 274.796611
-207.024718 189.856894
142.274912 296.597180
-86.145458 -133.322531
293.034170 -171.022239
17.793796 -281.861944
224.613422 -123.681646
151.813045 -145.221345
-284.087333 208.678959
259.112288 -83.080734
-70.348092 142.039576
-16.668475 118.339889
90.251142 22.760204
89.110757 66.720523
-15.349630 198.800845
45.569983 80.661169
178.449593 -106.638503
-24.650798 16.881828
-105.211190 -55.977839
-52.951583 242.642498
77.848021 261.042837
265.627625 -1.376821
200.847227 113.623525
158.266827 212.943873
27.126426 113.544225
193.366024 11.604579
-39.594380 -127.135064
193.425215 105.485296
200.484808 -262.654341
-122.955600 239.966026
241.003991 218.806395
25.443580 115.626767
-183.016833 55.627142
195.982753 -233.392480
-295.517662 197.887901
-285.918079 78.528285
163.741503 34.548672
-218.018917 -180.590939
-147.019338 -4.910546
-262.839761 -65.030150
-186.560185 -14.629751
10.039390 -171.309350
163.078963 -100.328945
239.018534 -181.608537
-58.161896 170.911873
-236.842327 237.692287
94.517240 -156.547297
58.116806 -33.646877
203.896371 -291.046455
37.775934 204.593971
211.655495 -193.285601
-12.064945 -169.765170
146.094614 -175.224735
-45.545829 53.935702
124.673726 -253.523858
293.713281 -7.023415
36.672834 -241.382968
-114.887615 -104.042519
-36.908065 -179.662067
-222.208517 -40.201612
54.691030 -162.821154
-97.709424 -154.580693
-14.569880 15.279771
116.569663 244.200238
29.029204 209.240708
153.588744 295.561180
-279.271718 196.401656
-169.432181 -78.297865
84.607354 81.262617
280.446888 264.163101
-108.813579 29.023589
-38.094048 224.104080
92.425482 -98.095427
-175.174990 110.405070
27.044537 257.525569
-225.015938 136.626072
-200.536414 -267.833423
286.843108 -160.212914
-189.137371 -141.712403
147.402149 136.168111
130.941667 -2.771371
-104.878816 147.949149
257.040699 21.969672
133.060213 37.890198
166.639725 109.750727
-234.560764 -245.928741
-156.461255 -217.748206
282.938253 232.232333
-11.062240 162.672874
-193.962735 70.893417
124.936768 -122.706036
-87.743729 -20.685486
272.875771 -104.644933
-117.504729 -220.004377
-182.945232 -273.823818
-20.445735 244.276743
-213.206240 170.977308
-144.406747 98.777876
256.332745 284.958446
200.052236 119.239020
-141.928275 261.799597
178.071213 -243.459824
-251.229301 -84.079241
52.170184 34.001344
-216.670333 154.501932
-190.390851 -36.797476
95.168630 18.183118
247.268109 64.323716
-23.092414 184.704316
-92.312937 -151.095081
-25.753463 -57.794475
-202.093989 57.366134
-182.114518 -291.553254
-139.155047 129.167362
56.764422 -242.812020
-46.896111 211.168601
82.343355 186.129225
272.422820 127.449852
-193.237717 20.890481
-133.858255 245.071114
238.741205 -269.268250
-87.039336 30.212389
53.620121 215.193031
-200.780423 85.493675
-136.760969 3.254323
239.118484 133.814974
250.157936 91.995627
-104.142614 123.016284
-136.223165 -188.323056
-43.143718 216.897606
232.235728 -35.061728
-108.624828 10.898940
-144.245385 218.779611
-156.985944 -41.139714
-297.006504 -235.839037
267.252935 238.081643
-200.427628 -123.457673
-27.028192 -91.816987
155.071242 -172.816298
56.990675 -285.355606
-106.249894 -7.554911
153.129536 198.905787
147.748964 104.006488
26.568391 -292.112808
220.347817 38.427899
-11.912759 -92.431391
-291.973336 175.829322
223.146085 218.810038
-142.114496 121.170757
240.964923 -142.748521
-51.375660 204.572203
158.643755 -196.787069
144.403169 -172.026338
-225.317418 -4.165605
-40.198007 128.075132
15.121402 149.955871
183.800810 223.296614
53.480217 27.937359
31.919622 135.098108
-200.900974 -292.721141
-121.861571 83.579614
278.157830 241.220371
-277.342771 197.681131
-76.723373 -123.058105
-217.903976 -139.377339
-202.524581 27.143430
-230.205187 252.524202
-106.385795 210.624977
143.753596 -35.274245
269.712985 -200.053464
-202.607627 -260.112680
13.151760 36.248107
267.791145 -236.951103
127.430528 -245.250310
-38.610090 222.950486
125.289291 -105.408715
-230.251330 99.852087
-159.591952 147.492892
-239.252576 60.113699
87.686799 197.954510
-16.013827 181.595324
288.325545 50.216140
-102.675085 -121.643040
-275.955715 -262.502218
147.663652 290.218608
200.683018 0.139436
93.322383 -89.719732
99.621747 -183.818898
-263.458892 -76.518060
-124.499531 -5.617220
-149.000172 55.883623
193.539185 275.864469
218.958542 89.045319
127.917896 276.166171
212.377249 -87.952974
178.656601 -107.192116
156.835952 -77.931255
6.215300 -249.390391
104.994648 -214.609524
151.313994 -292.248654
138.793338 48.452219
-228.907318 -71.426905
263.272023 167.193974
49.291363 296.294856
-204.809298 -20.084260
-246.169961 -298.683372
-259.690625 2.517519
281.728710 255.758412
-203.931957 -135.240691
-4.912626 63.580209
81.326704 228.881111
19.546033 -65.357983
-144.534640 80.922925
-251.595314 256.963837
170.824010 196.224751
27.863333 6.105669
-50.837346 95.466589
-2.178026 267.607512
-32.858707 -256.391562
27.020610 58.869368
-213.340074 77.390300
-176.680760 182.151235
143.038552 -198.447827
142.397864 235.633114
-29.202826 192.654058
-237.663518 107.295005
125.995789 78.415955
105.055094 277.996908
222.454398 -91.362136
-1.946299 89.798823
-190.686998 81.119785
159.012302 -186.319250
-118.968400 -146.638283
144.390897 144.742688
260.090192 -132.056338
266.709486 -256.715361
8.428779 -213.434382
229.908070 -151.993399
251.247359 -172.512414
146.746647 277.248575
-275.434066 205.649566
88.985219 -94.229439
-252.875497 249.251558
246.863786 266.172558
-137.676934 -299.886438
-180.977654 -273.145432
85.661624 33.275577
203.620901 263.296590
191.060176 44.577605
-128.920551 -93.621377
-24.401278 193.019644
-287.282008 280.620668
283.997262 -2.138305
191.696530 -9.537275
129.755796 -206.336242
-27.884939 -90.435206
62.354325 116.345833
-121.606413 106.086875
69.972847 -178.152080
-164.727893 -12.451033
-173.648636 -290.429982
18.810621 -32.708928
47.229875 -80.967872
293.609129 293.553188
26.648381 219.954251
-95.712369 -301.144684
117.326881 -86.343615
42.486128 -143.422544
-25.474626 -69.201469
151.424619 159.579608
28.823862 178.820689
-226.516896 -212.198228
-0.497655 -292.837142
-43.098416 -233.896053
-166.639179 -152.534960
58.020057 -284.973865
220.039292 132.127233
-13.341475 -36.091666
-244.522243 -264.450562
-38.203013 78.790545
259.836216 -78.608345
81.975443 73.812768
-101.985331 179.793884
-6.646106 169.235003
-185.106883 -158.563875
33.112338 -100.942750
-275.448441 -138.081622
-250.189223 -220.620492
-126.590005 -237.959358
-150.190790 -237.898221
272.488425 -36.837081
-218.572362 189.204061
-200.433151 -176.574793
216.066059 210.406355
-136.734732 -125.452493
-247.875525 178.448661
-141.136319 -110.550181
-43.477115 53.610979
-226.497912 246.612142
285.761289 243.793309
150.960489 -225.785522
-152.900313 -69.104350
-59.601116 252.296826
14.538080 -130.821996
77.257274 -80.280815
-64.443533 46.460369
-54.224342 -227.638444
-60.105152 -199.277254
258.714036 -147.316061
-284.626777 -181.294865
-209.887591 -235.753666
-298.608407 -54.252464
-42.069225 -286.691259
62.229956 28.209949
22.789136 -196.628841
-265.151686 229.172373
-118.192509 -121.286410
222.926666 -122.385191
193.865840 292.876032
51.025013 -32.122742
275.464184 41.998486
-281.476647 -82.000282
118.562521 -286.139048
22.941688 74.042190
-129.259147 -206.256570
-44.399983 -283.695326
-137.820821 -287.574080
-275.121660 -124.452831
88.577499 -157.451579
-33.423343 166.829677
-49.904186 -1.769065
100.154969 -112.647804
-60.245877 19.873460
69.133275 -169.565273
-224.467574 -183.044003
-138.888425 -252.202730
163.110723 235.138546
-30.030131 -262.860175
253.149014 48.381107
115.328158 179.362392
146.267300 126.403680
199.806440 63.924971
-98.394421 221.526264
243.604717 287.047561
-231.816147 -92.971139
157.982988 -226.229836
-31.977878 -45.028531
-34.758746 204.652778
37.600384 -268.765911
-260.820487 -131.364596
210.958641 255.816721
-79.442233 70.938042
195.036892 -53.960635
112.176015 -96.319308
298.515137 283.022021
-212.865743 -99.716647
-127.846624 283.824688
268.292493 70.646027
-31.928390 -32.592632
61.750724 -208.211288
-62.850163 275.270059
-130.351051 202.091409
292.948059 131.792762
110.787168 -213.925882
167.086275 -94.484523
-41.214619 74.956839
224.024486 176.258204
208.583589 115.979572
-173.677310 -223.699057
-276.318210 180.402316
122.000889 166.403693
143.359986 291.085073
-87.100918 108.566456
-175.601824 177.907841
138.637269 -58.270770
273.716361 131.390621
-78.984549 198.952016
-203.885461 -89.106587
34.753626 203.854814
0.992712 257.436217
172.011796 15.377624
-204.989121 92.979033
-104.390040 59.200445
271.589040 -222.458139
139.488119 50.903279
261.927196 -282.895300
-78.733729 102.246124
70.805345 131.147551
273.424418 192.188981
-228.356511 -132.329586
-162.117441 101.011850
-296.998373 -185.466711
3.900694 -203.885269
-211.980241 94.296176
62.558823 -155.342376
55.677886 290.219075
163.976947 -93.659471
-154.223993 -243.418014
269.495065 173.023445
196.714122 -135.375092
-72.166823 -85.713626
-114.347769 -95.212158
79.091283 12.149314
98.490334 49.530788
-91.770616 167.192266
-20.231568 -198.206254
-269.272522 -261.544770
278.886523 31.676716
197.145567 -236.041794
-170.135391 -284.620302
-87.496350 -58.758807
-290.517310 -226.457308
151.461727 210.984193
192.660764 -123.354303
87.859799 86.447204
45.158833 -287.231286
-295.422135 -13.469773
280.076895 80.771743
-297.484075 75.633262
192.794953 266.514784
-294.706021 228.296309
130.793004 -266.882163
270.612027 106.779368
68.651049 -76.519098
-66.789930 -45.737561
-57.310911 142.823978
-42.031893 -50.714479
-21.172877 -193.472933
-135.933862 -131.391385
-254.354849 7.710167
17.504163 -153.428278
-217.076827 19.213279
136.902182 -239.885160
162.421190 -104.783597
-101.819804 -189.002031
224.159201 -99.360461
-256.941796 -189.278889
-62.462794 69.462686
-20.083794 61.984265
296.715205 210.285846
-280.005798 295.227430
-184.486802 -24.870983
-51.747807 91.510607
-155.928814 -131.847799
22.510178 -113.106203
-61.750832 -262.824604
-204.151843 18.356998
-181.212856 229.938603
82.206130 278.400211
187.525114 277.581821
151.764097 -132.496565
240.583079 -49.314948
-259.397941 -124.673328
82.501037 17.728295
241.020015 -164.930080
290.378990 16.891549
-166.022035 -196.906819
54.356938 -161.905185
-43.064091 -45.703547
-231.425121 276.698093
-96.486153 4.059737
-282.467185 -3.398617
-273.928220 -166.436968
288.870744 -135.835315
174.289707 -67.733660
204.068668 -218.072002
103.447628 141.889660
36.266587 141.311324
79.505543 174.692991
221.324499 -223.565339
-286.616547 208.956334
96.962406 -155.361990
-284.338643 207.239690
-254.999694 -271.458628
-134.840745 -189.116943
-291.161798 -175.395256
118.557147 82.326435
124.836091 141.948129
219.515033 110.989826
68.353974 -150.268474
105.492914 -30.286771
293.911852 -93.765066
173.850789 -213.863357
109.769724 -49.341645
264.408658 28.420069
30.667590 33.761787
299.586521 183.603507
181.965451 71.245231
94.404379 224.306957
103.343305 15.548687
-261.277770 109.530419
143.701154 -86.707846
-104.619924 -34.126107
117.418997 170.895634
139.037916 -116.882622
82.796834 -58.100875
-84.984249 74.080876
-89.705334 -213.777371
163.733579 76.104385
40.392491 -115.853856
166.671402 127.107906
221.410311 163.629671
14.189219 -140.608561
-61.651875 -194.026790
145.827030 97.734984
125.005934 -59.383239
-89.275164 -275.241460
157.383736 -137.819677
-247.257365 -27.797891
95.181533 189.223898
-82.579571 -124.594311
193.219324 129.867484
11.578217 159.589281
-21.822891 231.391082
-60.884001 -283.987115
-181.045112 -196.785308
-94.806224 96.456501
28.932662 216.838314
259.271547 264.740129
-273.769570 102.541947
65.889311 -92.656231
-253.451808 32.725593
294.167071 -39.952580
-43.054052 -255.610750
-5.715176 -250.388916
-4.356302 209.212920
-71.597428 -113.665241
-198.918557 237.476601
-250.719687 76.778446
-69.140818 -255.439706
-145.201951 47.322145
-148.863085 57.503999
-152.884221 -63.774144
-22.325358 162.547715
262.973504 -239.930422
-272.947636 26.371444
-270.588777 129.813313
121.070080 -278.904816
-206.831065 -224.442941
127.467790 85.018937
-171.513358 -179.359183
-2.474506 -186.917299
10.284344 -145.195413
112.503192 -184.213523
234.882039 -259.091631
-136.359115 -212.769736
-149.840271 -229.007837
-93.341428 -246.505936
10.517413 -59.424032
219.316253 -28.942124
3.915091 243.959786
59.333928 -210.438301
77.012763 236.643615
172.591597 -73.554466
-284.569570 -2.352544
-285.310739 200.189381
121.548091 -231.528691
-283.513081 188.093240
-73.494254 126.615174
-292.915429 -140.982889
-70.616605 227.019051
-291.897783 77.180994
59.881038 271.082939
133.879858 -231.975112
-85.161324 50.826840
-199.082507 -24.951205
-243.383692 -83.449248
67.815122 -110.067287
-143.646066 -61.945324
119.552745 228.136643
-2.488446 131.918612
131.470362 175.380585
-37.810831 -95.697440
66.627974 186.404539
92.706777 -169.953480
107.205580 -280.211496
-239.795620 -128.349509
100.103180 -123.567518
-154.158022 290.354475
-293.779226 58.396471
-197.080431 -195.141530
95.218362 -142.739528
-216.842845 -139.257523
-191.044055 295.904485
-139.465266 226.246496
227.113522 -85.571490
61.252308 -185.029473
-207.108907 -278.827453
-219.010123 157.274570
-30.711342 171.456596
49.027439 132.898624
194.306218 107.000656
-292.395004 -249.177309
286.483772 209.884728
102.862547 290.486769
-270.038680 203.568812
157.020092 122.970859
122.518862 -3.387091
45.377631 229.274961
-4.463602 203.717016
158.515164 -79.560925
179.793929 276.221136
-202.947308 270.503200
59.051454 -124.134732
-110.609786 84.807338
-249.691027 236.269411
-79.312270 1.091487
46.226486 -73.866434
-186.474759 -210.804351
-161.036006 214.237734
141.282745 -133.220178
-120.598505 -245.198087
51.340244 -300.235993
54.358991 -205.433896
-9.382263 -252.251797
59.856481 205.650306
-270.224776 -62.467588
184.793966 -175.285479
-89.067294 -299.643367
3.511444 98.238747
88.070181 -189.639135
37.388917 -293.357014
-127.012349 140.165109
294.326384 -15.552764
-9.114885 -168.790635
260.203845 -169.908502
-240.497426 196.173633
246.421301 108.795772
-42.559974 -1.302087
-35.141250 246.000057
-192.042527 -277.337795
154.496194 -164.315645
-36.965086 -204.133492
-278.126368 171.928664
-200.947651 -218.009177
-27.028936 185.092986
-104.830222 66.975151
-46.791509 -175.202681
-90.052798 -54.500510
-129.314088 198.821664
-161.855380 -171.136159
90.343327 -104.333980
86.482032 34.748203
65.880736 -258.089611
94.879438 -271.267422
290.698139 200.854770
112.816839 -98.163036
97.935537 -226.140838
0.454233 -123.518637
248.552928 -143.816434
-38.768378 278.205773
-256.009686 -86.912018
47.909005 -4.749805
40.607695 14.552410
2.126383 209.354629
-83.934931 138.336850
99.583754 63.139075
95.342438 -115.878698
159.221120 217.943532
-71.280200 -289.194235
8.018480 276.148002
214.337158 -181.089759
-119.364166 -231.007517
-104.545491 -62.165272
-51.846818 200.756976
96.671854 -33.860773
181.590525 -102.558519
181.869194 286.263738
-46.032138 279.265998
3.426528 254.228261
191.225193 -23.709473
95.183856 -11.067204
100.682518 247.315067
175.661178 -41.962658
167.859837 161.199620
-28.541505 232.681900
139.917151 242.604184
-245.844194 77.386471
72.834459 -293.571240
76.433111 77.811053
209.751761 -128.706652
-253.509590 -151.824353
71.289058 226.557948
-163.032296 82.100252
208.346348 -102.737440
38.864991 -143.575130
176.083633 190.907183
147.882273 -25.030500
140.720912 -219.588181
-5.840451 -234.565859
2.758185 263.856466
-299.403181 199.558794
208.955452 -246.978875
-20.585916 -261.336541
-238.067286 112.765796
118.951343 28.608136
286.529970 163.710479
179.248596 -185.287175
-148.652780 -285.524826
199.265843 116.637525
-85.815536 295.059880
275.503084 147.202238
188.381703 -119.695401
183.240320 -213.953038
-278.221065 -124.290671
-146.102451 22.851698
-158.043838 -147.165929
-75.185227 107.876447
266.913383 -38.801175
148.931992 85.821206
-223.669401 -33.796409
-183.210796 119.845978
-167.732192 294.388368
-4.433589 -259.369238
69.885012 251.853158
159.623612 41.075557
249.242210 133.477959
249.280807 136.000365
-283.900598 130.882773
224.377996 -263.714816
-291.103411 135.307598
-179.904820 207.930015
290.453769 -198.047565
18.092357 14.394858
-175.889056 224.097283
-197.490471 -101.140288
251.228113 276.382144
79.646695 140.584579
31.685276 -226.372983
183.483856 -200.010543
-272.277566 41.531901
-98.038990 34.074348
-122.760415 -150.323203
-127.701841 250.459250
282.816731 153.781705
47.615302 48.824164
-8.706128 166.206625
-41.047561 -19.770910
29.011006 34.191557
55.469571 151.614027
-39.531866 156.476501
111.326697 268.838977
135.045257 -110.538544
111.583816 -134.776062
-276.097626 -6.433576
-273.979069 108.828912
-262.760515 285.171403
-154.961961 271.673897
-163.003409 -225.483606
-17.084859 176.998894
230.433690 -270.938603
286.592238 -79.736097
-43.969216 -55.893589
-38.750671 42.268923
39.047872 -284.708562
-104.033586 56.733956
-67.495045 -294.143523
27.643494 124.779000
256.062031 -162.178473
50.720567 278.584057
-107.900898 -166.013411
-151.902365 -72.030875
-178.783833 -249.608337
260.334697 -284.525795
-173.046774 -299.503251
-46.848247 -244.000704
90.270279 -61.638153
-263.071196 -255.075600
-56.872673 -244.513044
89.205848 280.829516
131.444369 42.492078
39.542887 121.254643
50.341405 124.517211
-51.980080 5.079782
264.318435 56.062356
-255.743052 -144.915067
192.035459 249.707513
-156.346031 70.590096
-297.967522 161.352682
88.010985 -172.304729
163.789491 -260.142137
244.287995 -47.239542
-261.213502 38.583056
-241.735001 -19.334344
95.983499 -95.151740
-36.618002 284.810867
249.240495 60.333476
107.958990 -243.023911
-113.282516 113.378704
63.935977 208.441323
-128.705532 -134.396056
124.032958 120.746569
-182.848554 266.489196
-106.830067 -182.028173
-111.691581 38.614460
-293.853097 109.537096
-161.054615 249.239736
-235.876134 -123.437622
-251.737654 179.865023
159.040824 143.087671
-213.500699 179.890322
-111.682224 93.232976
-58.003750 295.115633
151.994723 127.558293
110.253194 273.420956
-203.608337 39.063622
199.430131 219.306291
-138.451402 -284.571037
-53.832937 -187.748362
193.805527 133.354316
152.603989 -42.523003
-55.397550 290.459680
267.080910 -233.737633
-131.280632 -285.774943
247.837824 85.307749
-82.343721 91.910445
-33.125267 104.913143
-113.186815 207.815845
101.691636 96.378549
-204.329915 269.541257
71.448533 -108.976033
10.246979 -30.193320
170.625424 170.749397
-254.476132 -184.267884
43.282310 238.294838
250.720751 -105.142436
-102.620810 252.940292
245.577627 222.083023
-279.183936 -186.734243
237.914499 26.288494
-41.187068 -145.428766
-180.228636 224.693977
261.069794 5.596723
-107.291777 61.759472
-196.473349 -12.577776
-208.514923 -67.355021
-61.356498 100.767737
204.001925 -191.709503
-268.299653 7.213261
-74.441233 74.036028
-52.982814 233.978797
29.055604 -97.898430
-52.945980 -26.315654
-174.327566 -33.052876
-152.909152 121.329906
294.749259 104.992690
277.387670 172.255478
31.166078 237.538268
237.984486 222.981061
-240.617108 99.263858
270.501296 -149.993343
-266.640301 -91.750541
10.858101 -4.867735
-223.383499 41.695073
-296.225101 -240.042116
175.813297 -291.419302
53.991693 -95.996485
270.770087 -299.793665
179.108480 -204.410842
-272.813129 84.011984
218.305261 79.754813
-109.616350 -46.502355
-46.617963 -20.619520
251.040423 -109.456682
262.358807 -290.373841
291.157190 232.069002
219.635571 82.371849
200.293951 -70.305301
-221.167671 34.797551
31.370706 -218.159593
96.069082 265.063266
-208.272544 207.966127
-129.654172 -238.271008
209.464200 107.351859
217.282569 235.914729
-107.359062 -106.522397
-224.420695 82.300479
148.257670 28.243359
121.576034 98.566241
220.034396 83.209126
-131.927242 -30.887986
16.491117 145.654906
-247.290525 274.757800
135.227832 -169.139303
10.746187 -134.096403
272.564541 164.786500
-167.857106 122.269406
73.921245 -239.527685
-56.160406 -258.644773
169.017942 219.118142
37.096289 -238.998941
172.394634 112.043980
-96.907022 -221.353096
-158.588680 -275.970169
178.369661 119.472761
108.368000 104.475693
148.346338 182.918629
-48.755325 200.461567
-82.596990 144.524509
91.061343 -13.792546
-288.500325 -178.329599
-147.941994 201.733351
3.676335 -15.923695
21.914663 246.959261
26.492990 -109.637779
-74.248686 121.685183
-288.950362 -202.411852
-65.252040 272.271116
-122.713719 -165.725912
297.324600 113.777062
254.762917 -136.179961
-80.758766 102.603019
106.379548 -71.373998
-237.322138 -276.731012
-225.883826 -88.088023
10.454484 143.794969
-206.807207 -79.322036
-194.888899 96.400962
205.709407 126.583963
-197.072289 290.406966
-282.133985 28.229973
113.004316 87.152983
126.762617 105.975996
60.320916 -296.400989
241.159213 57.222030
118.277509 195.505051
-19.424196 95.748076
-242.385903 -213.468897
-274.747612 178.554134
169.330679 157.637167
149.968967 -120.619796
2.287255 242.803243
-140.454459 -134.333715
40.023825 -235.110669
293.082108 142.612379
114.760390 -289.404570
230.298670 -72.601516
-142.803052 56.701542
92.815225 217.184602
61.093501 33.647665
-266.188224 237.690731
288.570048 14.073800
34.208320 104.516872
-139.993410 -182.200053
-16.195142 -270.976976
276.183125 192.146105
267.801391 -263.190811
-105.700345 -172.927724
-96.782082 234.055366
251.336179 254.678458
-164.005561 -175.538446
24.612697 -233.955347
-188.809046 181.567754
-117.930790 203.790859
99.427464 242.953966
-61.914283 133.017077
-60.076032 -73.579810
206.402217 273.923307
-268.439534 -233.813574
-207.661288 -226.190452
154.516958 126.992674
25.215202 -119.244198
-76.946556 219.338933
8.431685 -115.257933
-87.370075 -281.774795
-159.991837 48.468345
-156.733600 -76.888512
-126.275365 -45.665366
-194.757131 55.677783
-141.338899 -36.819065
-242.200668 -144.735910
-203.282438 -2.392752
82.215790 61.650409
-269.305984 -127.686428
-112.987759 181.596739
-53.369535 -258.580091
9.068687 271.783082
-77.333092 -9.293743
191.585127 -10.310564
-65.436655 -195.867382
8.381562 74.515802
-88.280223 -89.741010
298.097990 -155.957820
-76.323798 161.945374
-41.205587 -159.051430
-174.467378 -224.788230
-3.369170 280.894972
-168.110964 -221.181823
42.947241 -137.418614
-48.474555 229.964597
-255.456353 -43.192189
271.761847 -187.708972
287.600046 253.094248
-138.001756 -62.142528
-56.883560 96.600698
-199.025365 10.203927
-128.547172 -228.612841
-20.568980 228.250394
274.429210 203.173632
-150.872601 -66.723128
-255.594413 -25.259884
-232.556227 41.123363
-44.098042 -100.573387
-121.139859 298.949866
-179.081677 -110.866879
-12.203497 -134.423620
-95.165318 -281.700358
-263.247141 251.222906
271.651035 -101.113826
-110.710790 273.549444
295.727383 -250.947282
-257.414446 225.975994
179.323724 22.179274
-86.958107 153.902556
284.180060 62.345841
145.998226 87.409130
-262.763609 213.632421
187.334554 -248.024285
171.852715 -233.620988
109.730875 292.982313
-285.710966 -202.274384
217.347191 -80.631078
-183.834653 254.332231
-129.316499 146.695543
211.981654 -181.141142
120.319805 -33.417824
-132.002045 -78.174503
-107.383897 106.228821
244.074250 -135.427853
-39.827604 -12.824523
226.970540 -193.541190
-225.391317 23.142146
78.766824 262.265484
75.144964 -290.431174
87.303102 243.832171
-297.458761 101.935518
-258.440625 -21.141131
79.937509 216.722222
291.835641 9.605579
63.373772 204.148938
128.431902 242.692301
-129.329970 55.435666
-135.551843 -177.700966
-138.393718 167.562406
-254.555594 -119.194220
-145.357471 31.449157
-254.179350 288.312537
-245.521231 125.015920
9.096887 -111.320693
134.475004 -203.177304
-167.606881 -103.913912
-42.728767 233.049483
174.829345 96.292881
149.607456 -74.263718
-194.274434 -86.580315
-170.296326 234.623092
214.581780 -240.513498
-10.140115 -220.490085
240.257989 -89.406669
5.516091 286.196749
91.214192 160.660171
17.412291 137.543596
-92.629611 -168.952977
-279.051515 217.010454
-221.873420 -85.406113
72.224674 -88.942676
-130.917234 -269.979237
202.480857 -255.555794
126.038946 52.627651
-30.102967 232.331099
24.395120 -141.185449
-74.726795 -60.441995
276.651288 -25.638538
-222.610630 217.484922
184.647450 -157.851614
203.325529 -264.908148
-297.556393 279.995321
172.281683 269.098793
-189.340242 -47.477732
185.717831 -110.574254
166.735903 -41.430773
-141.246027 -263.547289
-253.167958 -238.123802
139.150110 -67.820313
-127.251824 168.363180
222.726240 -43.533324
85.384304 -151.329825
-45.777635 62.713676
-118.759574 32.317181
-20.281516 125.240689
173.996542 242.404199
159.854598 -64.192287
221.892652 -208.508771
-95.589295 91.934749
43.508757 149.518271
39.506807 269.661797
166.224856 199.025325
-294.437097 213.828856
19.000949 145.512391
204.118993 192.535928
-228.062964 127.619468
-151.564923 158.143011
34.373117 103.466558
-79.748844 -24.929893
193.849193 -40.546341
-200.312771 -172.702786
-98.774737 260.380772
-178.856704 182.624333
109.881327 26.407897
-267.460643 -145.748536
233.917385 72.915033
181.895412 100.998606
-28.746562 188.342182
-227.208538 49.805761
-208.210515 277.809342
-58.372494 -135.347073
-136.654475 -150.383485
80.723544 -42.719895
11.021561 -298.116301
231.619576 -94.212705
-280.762410 90.890895
-209.024397 280.094497
-190.866386 -86.921897
161.931623 220.001711
-2.650369 195.445323
132.107638 -67.751063
-273.794356 14.972554
91.083647 -242.903826
261.141650 -76.480202
106.079651 -246.056576
259.137650 107.387053
276.415648 -176.489315
256.153645 58.154320
-161.428360 -273.162042
-182.190366 129.901599
290.407626 196.785243
-80.114383 -217.551110
175.963606 30.112540
-5.378406 -202.403807
-50.820419 51.719848
292.117566 -217.636493
283.035549 78.067169
-144.966468 -166.149166
134.231512 -182.725499
56.429492 -58.581828
-129.752531 16.681845
-252.194554 206.445522
-102.156579 63.769202
-277.778606 37.592884
89.599366 199.876569
-133.542663 81.180258
95.615306 87.523949
162.593274 -27.252356
175.231240 217.051341
69.289205 -174.404959
-32.312832 -178.761256
265.545130 -289.437549
-43.116910 -178.213840
202.001049 -207.670128
-62.020993 -40.346413
32.636963 -131.882695
33.854918 81.721026
132.092871 232.984750
202.990823 155.588477
-271.951227 -6.147793
-187.073278 254.455940
132.504669 209.839675
-200.577385 -244.976586
240.040560 275.987156
270.898503 -230.729099
159.016445 298.554648
247.974385 125.898399
66.552324 -93.817847
5.090261 -30.114091
-2.731803 3.069669
-13.073869 -268.746569
169.944064 80.797197
-129.658004 -237.959035
-228.880074 133.364736
216.337855 159.228511
-174.084218 -269.327712
112.353707 259.836068
-2.168368 -28.140148
72.189555 -60.696362
-53.512524 44.507427
-234.134604 -193.068781
-199.676685 -284.724986
-9.898768 -73.021188
-79.920853 296.682613
-45.882939 -22.533583
-1.665026 1.170224
-234.027115 228.414034
-219.449205 296.477847
289.028704 211.841663
128.406611 -34.474518
69.624516 14.489303
-246.617580 -116.506872
-268.519677 52.756956
-87.481776 105.220786
49.216124 160.564620
206.874022 116.668457
24.651919 -291.227704
130.429814 -283.683861
292.887708 110.759984
70.105601 -51.396167
-213.336508 -229.952316
248.221381 212.911538
296.899269 89.035396
207.817156 46.199256
-0.704959 37.843119
-289.887075 -229.453014
109.370807 -234.849145
-288.931312 142.514727
116.286568 -74.721398
-53.895554 225.842480
142.842322 -145.353639
40.840198 -130.829755
220.418071 231.614132
242.495944 215.018022
40.673814 14.301915
220.571684 -112.274189
-158.710448 170.509710
-201.092582 198.593611
-283.534717 67.117516
-56.956853 17.521424
161.861009 -286.434665
-155.041131 -27.010752
-223.043271 -142.186835
-186.265414 -46.322916
-160.047557 61.641007
-122.289702 284.624932
-26.871849 -20.991139
210.626003 -104.627208
-91.196146 154.936727
167.201703 9.960664
226.059550 89.604604
-45.522604 -230.811452
-283.124759 -186.087506
24.553085 -264.783557
179.150926 28.120395
-190.511233 42.904350
39.786606 -285.011692
-286.035557 118.652270
-129.097721 188.276234
129.060114 12.780201
-293.402053 67.344170
-245.924221 -18.311857
-255.606391 266.672119
-66.268562 -286.203902
119.609266 161.540080
21.767091 -193.735935
-50.875084 278.248052
232.122739 -273.367957
-209.879439 -41.343963
118.498381 29.920033
284.756200 230.004033
-229.245983 26.548036
242.951833 145.432041
201.789647 174.536050
-209.752540 -208.479939
243.865272 -201.075925
156.763082 300.028093
-162.859110 -38.127887
264.558697 72.956136
-26.463497 -155.119837
-67.665693 297.424192
-50.987890 -57.791776
32.129911 -116.767741
-33.332289 -116.983703
-101.654490 -212.719662
210.743307 243.884382
73.741103 42.308429
-31.781103 -222.527521
-114.503311 230.816532
8.414481 -263.439412
78.732270 -45.555353
-166.769941 -62.331291
-289.172154 -27.427226
-44.074369 36.236841
101.883415 231.680912
-62.518802 -263.575014
-14.581021 188.729062
-265.043241 -280.226858
128.274537 3.897225
-99.547686 87.521310
-152.529911 -186.534601
29.047863 -17.870510
153.405635 58.193585
-184.136594 99.837682
-13.398824 126.581782
133.998944 -232.374114
137.276711 28.209992
-238.485524 -90.925899
298.352239 19.778213
242.890002 -138.777671
-292.352237 -117.293553
-104.814478 -4.569432
127.603280 -67.465308
-228.618963 -283.121181
-7.421208 -25.777051
101.896545 -98.912918
-156.185702 191.991218
180.712048 58.275357
-52.370202 298.999498
214.207545 -4.696357
-118.334708 -190.712209
-180.996963 80.031942
-106.439220 -117.003905
286.518522 -105.639748
-41.183737 -9.495588
52.974002 -272.411426
-70.768260 9.312740
20.409476 -240.683092
-2.152789 -147.058920
132.204945 51.585254
-116.857324 295.289432
250.000407 -211.846388
184.578136 -108.122205
143.735864 -165.238018
246.833590 -180.853829
-114.008685 -168.949637
284.369038 7.594558
208.346760 -119.501243
-53.515520 -43.917042
-169.257801 -33.452838
243.839916 -55.008631
-8.622368 -124.324421
251.515347 73.059792
290.873060 -289.375992
223.190772 125.708227
59.388482 -191.027552
-123.213809 -229.323327
-105.716102 -235.959099
-40.278396 99.365132
254.599309 -90.770634
215.637012 -156.726398
-203.965287 -38.662158
147.972413 65.742085
138.930112 155.826330
-281.112191 272.410579
-180.554495 24.114830
-85.556800 113.579085
-44.499108 227.363342
-116.341416 -50.872398
-6.343726 -190.388134
130.493962 114.476132
274.251650 -289.919599
182.169335 -128.655326
129.767019 203.348949
26.324702 87.173227
168.182384 -296.582492
-13.959937 267.061792
-38.302258 -163.133921
29.715419 -196.529631
48.253094 -189.885338
131.430769 170.578958
-110.211559 -251.236743
-18.973888 148.187559
31.643782 167.591864
-205.838550 -271.783828
32.699117 -13.779518
139.536783 -231.475204
-6.865553 -216.730887
-63.307891 -174.166567
283.429770 24.617755
-31.552570 154.562081
24.825088 257.486409
-122.977255 289.510741
149.760400 -31.624925
148.378054 -99.000587
75.255706 -17.196247
-231.686643 26.708097
-213.068993 52.372443
-128.411345 -119.723208
275.326302 -31.198856
-94.816053 -230.294500
10.341591 106.429858
-165.100767 -293.445781
186.376874 -166.681417
187.694513 -68.477050
154.572151 -140.752680
141.369787 241.151693
-186.672577 -278.503931
227.245056 266.220448
-13.517312 -162.615170
-136.219681 123.529215
116.777948 293.913603
-153.224424 -34.482006
42.833202 21.542387
142.330827 -220.033216
45.508451 -249.308816
-153.813927 -240.964414
-87.716307 -257.040008
120.741313 160.524401
-127.241070 -229.691188
-211.503453 89.233227
-73.985839 233.117644
26.811775 -198.757936
9.709387 -284.033512
122.526997 299.470914
-150.235394 48.235344
-121.977786 28.479776
38.539820 28.104211
290.397424 -215.331351
104.655028 136.033090
219.652629 212.137535
-58.269770 127.821982
267.507829 -83.993568
167.105426 -149.749115
-227.176978 101.895341
-83.139383 223.359800
246.058210 -95.095738
-88.604199 -23.751273
2.413392 224.513194
-252.889020 -171.662335
220.208568 258.982139
172.806154 160.306616
-16.336262 -85.228905
-115.398679 -263.864422
-245.721097 292.720064
-72.983517 277.404552
-40.345939 -69.130956
-139.968361 -69.366462
143.029214 -269.381964
-164.333211 -21.997464
-112.715639 -185.312960
-102.538067 -163.148454
15.699503 -128.963945
-132.142929 -278.359432
-208.385362 -81.474917
204.712204 74.029601
232.209768 -160.265878
-69.632669 278.118647
-190.815108 -122.796826
-289.737548 -132.912296
224.580011 -59.107763
199.137567 -112.163227
-73.604877 121.441312
-126.887323 -226.954146
148.050230 12.430399
-194.352219 -261.025054
123.085331 -234.560503
230.442879 201.104051
-67.599574 -198.031392
218.677971 -213.626832
-224.964485 -114.282270
156.293057 -289.037704
21.330598 149.046865
284.948138 -107.088564
-277.914324 57.596011
-185.516787 250.440588
52.980748 -282.634831
192.738282 283.149752
-106.724186 -230.385662
110.653345 -254.901072
-163.509125 220.103520
138.508403 263.388115
281.305929 -168.607286
-81.136546 276.197315
-70.899022 200.021919
-241.721500 -233.353474
-218.543979 218.431136
-226.686459 -134.704251
-178.208942 120.780365
53.888575 -152.215016
232.686090 172.269606
152.523603 -10.445769
-56.058884 49.158859
-31.661374 141.143490
-126.943865 141.568124
-59.506357 13.492761
57.251150 141.597400
-268.911346 -198.837957
268.586158 -46.073311
-227.096340 260.311337
-150.498840 -164.824011
-277.521340 -65.039357
107.776157 158.465301
-145.586347 233.609961
-25.268852 -29.005375
-223.131358 -88.540709
197.386133 -7.916039
-44.876376 -154.631367
95.341113 227.533308
40.598600 272.477987
-176.843914 43.822668
-18.626429 184.527352
-119.168946 16.572039
281.088536 212.176729
24.546016 -241.898578
167.843495 178.186118
247.300973 194.490817
167.138448 59.215519
48.275923 -274.299776
-11.866604 85.844932
-7.989132 -172.170357
51.248338 -106.405643
-126.154193 69.219074
-207.116726 273.423793
-249.339260 -103.631484
241.138204 -121.946758
235.435667 -73.242029
-242.206871 179.162702
-2.809411 101.787437
86.528047 -274.007826
-86.274496 -282.703085
199.362960 -134.698342
206.960414 70.786405
-21.662133 -281.828846
-149.704681 29.435906
-142.207232 -94.719338
152.410217 -27.974580
-147.372336 -269.409819
-263.654890 -50.105055
-300.917446 -208.620287
-100.020004 244.624483
-35.502562 -160.210744
225.074877 -214.645968
72.652316 -73.341189
182.169753 222.243593
-293.672812 158.988378
234.544622 210.133166
77.922055 -95.422043
-265.460514 -239.297249
-82.263084 247.967547
85.114344 -161.347653
-151.828229 300.657150
-135.730804 5.321956
-273.853380 263.786764
8.764042 88.431576
-249.958537 -28.083609
-213.441117 -222.278792
106.576301 74.826029
216.593718 242.430852
54.971133 -138.024321
159.508547 65.880508
-284.234041 98.625340
-270.536630 98.290176
298.020779 -231.384986
-87.561813 279.019855
69.995594 -297.835301
171.072999 -18.550453
297.570402 -260.025603
281.507805 87.019250
298.485205 -246.435894
228.802605 111.848965
20.180003 -279.966173
-57.082601 190.118692
89.534794 -135.796440
127.192187 -150.771569
20.829580 -249.946695
209.746970 -200.021818
143.324359 2.603061
-48.458253 -95.272056
-175.540867 168.752830
-121.683482 199.237719
165.493902 112.822610
-124.748716 -73.512495
147.368664 220.212402
66.686043 -90.702697
26.963421 0.322206
-284.339203 110.627113
14.858172 -36.567978
-4.784455 167.916935
-119.247083 185.941850
-288.409713 -34.873232
230.447656 -15.128310
59.545024 -162.703386
281.922390 -284.018459
-204.920246 169.946471
-62.222883 -263.028596
63.574479 166.856341
144.191839 243.781280
-212.310802 -3.493778
-83.033444 159.371167
200.143911 248.916115
-145.998734 -20.558934
53.858619 -67.493981
-4.184029 112.730976
-205.306679 181.615936
-7.069331 169.980899
-159.011983 287.085865
207.765362 -35.769167
177.262707 -46.624195
-266.899950 277.440780
-182.482609 -24.034243
-291.405269 -55.169262
-162.987930 -83.464279
-117.230593 288.480708
207.206742 -136.474303
-99.375923 -128.869310
-193.438591 -181.584315
-96.661259 -75.779317
45.056071 204.345685
-268.946601 -96.429311
-161.329274 -212.184304
126.288052 -15.139294
127.605376 -202.114280
1.782698 -231.269264
45.300020 40.115755
98.837339 -73.299223
68.754658 -128.674198
165.551975 211.030830
81.869290 112.235861
-47.893396 -247.019105
269.723916 158.045932
-81.938772 140.250971
270.398537 -114.623986
117.035845 -220.598940
-216.386848 153.426109
-23.109543 286.291160
-6.212239 167.176215
-276.354936 185.401273
258.922365 30.806333
247.979664 9.591397
123.416962 -189.163537
-11.245741 -102.438467
-24.008446 -140.293395
161.028848 -236.728319
265.746140 -181.443241
-189.976569 -0.458160
270.360720 -207.793076
-166.481992 246.232012
-28.684705 14.697102
77.992580 -180.937805
-138.190137 -239.632709
157.687146 -80.247610
221.224426 186.857492
-201.178294 -55.697403
-88.701017 110.987705
6.176260 -259.747184
215.473535 300.517930
290.090808 -102.976953
-146.191920 156.688167
-287.474649 183.793290
268.842620 186.818416
235.559888 3.443544
272.577154 133.348676
-298.165581 -291.846189
-158.448318 85.498948
179.388944 9.044089
139.366204 42.729233
-19.076537 -175.085621
-76.959279 -155.920471
-178.682023 -101.295319
248.535232 133.229836
291.052485 169.714995
127.149737 286.880156
118.786987 45.345321
136.944236 -104.289512
-77.478516 -129.824342
-224.121270 -136.159169
166.995974 112.906007
49.173217 174.631186
114.390459 196.556369
-46.572301 -241.758446
257.544938 157.286742
-147.097825 -55.708067
34.119411 -159.542873
81.656645 161.302323
-208.946122 36.047523
-12.248890 -212.027274
257.628340 -179.222068
126.705569 -159.056859
-82.017204 -271.791648
29.840022 146.433567
-108.442754 -129.701215
62.074469 123.144005
276.351690 -182.810771
-9.091090 -144.645544
65.506129 8.959685
265.363346 29.024918
-140.679439 -175.749847
266.417776 -41.904609
-283.585012 -187.279367
-187.547800 -186.494123
141.809410 -135.108876
-105.473382 -135.883625
-262.656175 85.941628
-243.298970 -38.593116
107.138234 -148.727857
-199.204563 63.457405
14.532638 -72.377330
-120.470162 -244.352062
-203.612964 176.573209
-96.075767 168.058483
-121.558572 -124.576240
-110.041378 -197.430960
-248.804185 221.194323
53.553006 -226.180391
-273.249804 -69.155102
-119.832616 -66.589811
88.564570 -160.444516
-151.018244 132.140782
218.318939 -88.073918
-213.683878 31.691386
-185.386697 252.036692
-212.109518 135.442002
231.047660 -26.272686
-57.535163 92.392630
201.662012 152.697948
-288.220814 145.063270
79.456358 266.728594
-1.026471 136.993921
180.590698 117.519252
203.467866 -27.655415
-259.014968 148.669921
198.402197 -105.424740
280.839361 112.420602
-280.683477 205.545947
-283.066316 170.711296
288.470843 196.636647
-126.051999 141.442001
24.605157 -188.572643
166.342312 273.532717
-45.020535 74.478080
-122.643383 -26.756554
270.673768 263.308815
-67.549083 -23.865813
-148.591935 -180.460439
-213.914789 120.044939
-157.037644 192.270320
-280.240501 -252.104297
-220.743359 -292.838910
152.733781 163.806479
-36.269080 -65.108128
-214.491942 -282.582733
-176.134806 -33.937334
151.222329 -86.251933
-171.520538 24.173472
238.236593 90.098879
149.593724 180.904289
-244.369147 -114.430297
-104.892020 -246.604881
153.965106 53.200538
223.842231 5.405960
224.139354 -226.508615
248.536475 250.616813
172.273595 93.162244
8.610714 -209.632322
-292.232169 279.113115
-223.935053 -199.941445
47.322062 -93.296002
-183.100825 -94.690556
-128.783714 -47.825107
-19.746604 174.920345
93.030505 195.305799
47.887612 -85.868743
-227.075282 249.836718
-40.418178 -7.597819
-246.281075 -109.732352
48.476026 43.373117
-44.226874 3.878590
-14.029775 193.584065
-210.972678 60.149544
275.924417 -196.284975
-210.158489 -241.099490
254.378604 144.105997
-283.804305 -221.768513
99.992785 -105.623019
-219.050127 145.862477
-238.833040 180.967976
33.024046 -125.306522
-213.058870 -128.381017
-183.621788 53.544491
155.855293 235.790003
-5.727627 270.015517
-29.050549 15.761034
-34.333472 22.626553
-98.896396 -179.587924
-225.479323 -115.882398
274.557750 -128.536869
-65.245179 -5.331337
65.951890 -41.925802
64.608959 -126.940265
-97.193975 152.725276
-289.416910 -270.229180
-216.019846 -190.583634
-103.862783 -121.878084
-27.325723 -221.652532
-18.068663 194.373024
-294.271605 42.078582
155.965451 -257.455856
-250.597494 187.529708
56.739560 -42.244724
58.136612 -102.819154
133.413663 -201.413581
-181.189288 134.111996
84.787760 192.057575
142.324807 215.343157
-243.418148 -247.571258
-181.841105 133.154330
132.335937 -90.500079
234.032978 -264.194485
-162.309983 272.711112
164.227055 -114.363288
158.484091 -64.017685
219.101126 -219.532079
-30.101841 275.913530
17.995191 92.699142
-74.987778 -216.435243
39.849251 124.510374
232.126278 166.135995
-50.096695 24.361619
49.460329 158.367245
289.637353 -127.807125
-39.305626 -184.721493
296.591395 -199.475857
16.008414 -3.230219
186.205431 -80.124577
-39.317553 57.961067
96.719462 185.366715
285.116475 23.372365
256.993487 -278.781982
-9.569503 -258.776325
-136.292494 -18.310666
174.564513 211.174996
-202.718481 114.300661
68.378524 -186.513671
188.395527 184.152001
262.912528 185.677675
-252.630472 -68.736648
50.626527 110.289032
22.823524 132.994715
-201.939480 -83.279600
-256.162486 66.466089
24.314507 148.291781
-57.228501 17.157476
221.268489 266.163174
-212.034523 -80.551126
-301.717535 -40.545422
192.039450 180.640285
-138.503566 55.765994
-255.546583 -3.648293
160.110399 240.677423
-128.672622 -110.516859
-124.195643 285.208863
111.581334 -7.065413
86.278309 200.920314
-183.304716 192.226045
167.052256 -131.548222
-291.930773 -100.742486
66.126197 -282.596746
-34.196835 -4.691004
274.300132 61.714741
-35.902902 39.180489
70.494062 222.746240
269.151024 239.971994
-30.832015 -278.422249
-73.055055 195.923511
11.521903 -135.070726
-223.981140 -46.004960
-159.284185 195.640809
237.512769 235.066581
-154.250278 -237.727644
-123.533327 -279.141866
279.923622 -107.356086
269.320570 54.129698
259.217517 301.875485
98.594462 241.621274
-187.308594 -229.192933
-28.731652 191.332863
284.025289 -51.441339
121.722228 -38.655537
-280.800834 115.510267
-152.343897 38.916074
270.833038 290.541885
283.289971 -180.232302
176.526903 -12.346485
103.823834 89.159334
40.260763 47.185156
-141.002309 28.430981
-11.225382 -163.423191
131.511543 -43.717359
-171.291534 -61.611525
-111.854612 -50.285688
-241.917691 -73.619848
-168.740772 -249.574005
-76.203855 19.971841
-239.386938 -48.642310
-174.350023 275.323541
39.086890 163.529396
256.003802 30.755254
32.080712 -100.418885
-291.462379 -155.693021
278.854529 -184.127155
-59.768565 -153.721285
-106.951660 237.484588
-268.434757 91.670463
-116.197855 227.416342
78.739045 80.442223
225.795944 145.328108
55.492841 124.213995
-55.590263 287.819885
-165.833368 -227.794221
287.803525 -272.988325
-262.539583 35.437574
180.477307 60.703477
114.774196 -78.870618
8.831083 -109.444710
-186.032031 -245.078799
-3.695147 62.847115
-2.378264 3.933032
